  0.1000E+01  0.1000E+01  0.1000E+01  0.1000E+01  0.1000E+01  0.1000E+01  0.1000E+01
  0.1000E+01  0.1000E+01  0.1000E+01  0.1000E+01  0.1000E+01  0.1000E+01  0.1000E+01
  0.1000E+01  0.1000E+01  0.1000E+01  0.1000E+01  0.1000E+01  0.1000E+01  0.1000E+01
  0.1000E+01  0.1000E+01  0.1000E+01  0.1000E+01  0.1000E+01  0.1000E+01  0.0000E+00
  0.0000E+00

     1
     2  1     1  1     2  1  3     2  0  2  2  2     0

     2
     2  1     1  1     2  1  3     2  0  2  2  2     0

     3
     2  1     1  1     2  1  1     2  0  2  2  1     0

     4
     2  1     1  1     2  1  1     2  0  2  2  1     0

     5
     2  1     1  1     2  1  1     2  0  2  2  0     0

     6
     2  1     1  1     2  1  1     2  0  2  2  0     0

     7
     2  1     1  1     2  1  3     2  0  2  2  1     0

     8
     2  1     1  1     2  1  3     2  0  2  2  1     0

     9
     2  1     1  1     0  1  1     2  0  2  2  0     0

    10
     2  1     1  1     0  1  1     2  0  2  2  0     0

    11
     2  1     1  1     0  1  1     1  0  1  1  1     0

    12
     2  1     1  1     0  1  1     1  0  1  1  1     0

    13
     2  1     1  1     2  1  3     1  0  1  1  2     0

    14
     2  1     1  1     2  1  3     1  0  1  1  2     0

    15
     2  1     1  1     2  1  3     1  0  1  1  1     0

    16
     2  1     1  1     2  1  3     1  0  1  1  1     0
 GESAMTDREHIMPULS =   1 /2  PARITAET = +


 OPERATOREN 
  1  1  1  1  0  1  1  1  1  1
  1  1  1  1  0  1  1  1  1  1
  1  1  1  1  1  1  1  1  1  0
  0
0/  1 ) =    1.0000 /  1 )
 BENUTZTE RADIALFUNKTIONEN    
  1
0/  2 ) =    1.0000 /  1 )
 BENUTZTE RADIALFUNKTIONEN    
  0
0/  3 ) =    1.0000 /  2 )
 BENUTZTE RADIALFUNKTIONEN    
  0
0/  4 ) =    1.0000 /  3 )
 BENUTZTE RADIALFUNKTIONEN    
  0
0/  5 ) =    1.0000 /  4 )
 BENUTZTE RADIALFUNKTIONEN    
  1
0/  6 ) =    1.0000 /  5 )
 BENUTZTE RADIALFUNKTIONEN    
  0
0/  7 ) =    1.0000 /  6 )
 BENUTZTE RADIALFUNKTIONEN    
  0
0/  8 ) =    1.0000 /  7 )
 BENUTZTE RADIALFUNKTIONEN    
  1
0/  9 ) =    1.0000 /  8 )
 BENUTZTE RADIALFUNKTIONEN    
  0
0/ 10 ) =    1.0000 /  9 )
 BENUTZTE RADIALFUNKTIONEN    
  0
0/ 11 ) =    1.0000 / 10 )
 BENUTZTE RADIALFUNKTIONEN    
  1
0/ 12 ) =    1.0000 / 11 )
 BENUTZTE RADIALFUNKTIONEN    
  0
0/ 13 ) =    1.0000 / 12 )
 BENUTZTE RADIALFUNKTIONEN    
  0
0/ 14 ) =    1.0000 / 13 )
 BENUTZTE RADIALFUNKTIONEN    
  0
0/ 15 ) =    1.0000 / 14 )
 BENUTZTE RADIALFUNKTIONEN    
  1
0/ 16 ) =    1.0000 / 14 )
 BENUTZTE RADIALFUNKTIONEN    
  0
0/ 17 ) =    1.0000 / 15 )
 BENUTZTE RADIALFUNKTIONEN    
  0
0/ 18 ) =    1.0000 / 16 )
 BENUTZTE RADIALFUNKTIONEN    
  0


 DER  1 TE PARAMETERSATZ DER   1 TEN STRUKTUR = /   1 ) LIEFERT
 KINETISCHE ENERGIE =       927.6287602
 COULOMB ENERGIE=             0.6332372
 ZENTRAL ENERGIE=           118.6182329
 L-QUADRAT    =             439.3607254
 LS**2 SKALAR  =           -254.8836098
 SPINBAHN ENERGIE =         -24.2213017
 LS**2 VEKTOR   =           -48.1768647
 TENSOR ENERGIE =           -33.6529038
 LS**2 TENSOR   =            47.6586063
 ISO-TENSOR SKA =             0.0000000
 ISO-TENSOR TEN =             0.0000000
 CHARGE ASYMMET =             0.0082756
 ZENTRAL  3TEIL =             1.1468300
 S-S-POTENTIAL 3N AK =        0.0105264
 S-S-POTENTIAL 3N KO =        0.0000000
 S-T-POTENTIAL IK 3N A        0.0016932
 S-T-POTENTIAL IJ 3N A        0.0016932
 S-T-POTENTIAL IK 3N K        0.0000000
 S-T-POTENTIAL IJ 3N K        0.0000000
 TENSOR-T RANG=0  3N A        0.5506573
 TENSOR-T RANG=0  3N K        0.0000000
 TENSOR-T RANG=1  3N A        0.0000000
 TENSOR-T RANG=1  3N K        0.0084392
 TENSOR-T RANG=2  3N A       -0.0533247
 TENSOR-T RANG=2  3N K        0.0000000
 TENSOR-T RANG=3  3N K        0.0211606
 GESAMTE     ENERGIE =    1174.6608327



 DER  1 TE PARAMETERSATZ DER   5 TEN STRUKTUR = /   2 ) LIEFERT
 KINETISCHE ENERGIE =        76.2840794
 COULOMB ENERGIE=             0.4260338
 ZENTRAL ENERGIE=            -1.6570018
 L-QUADRAT    =               2.1401462
 LS**2 SKALAR  =             -0.5128081
 SPINBAHN ENERGIE =           0.5005019
 LS**2 VEKTOR   =            -0.0006052
 TENSOR ENERGIE =             0.0000000
 LS**2 TENSOR   =             0.0000000
 ISO-TENSOR SKA =             0.0000000
 ISO-TENSOR TEN =             0.0000000
 CHARGE ASYMMET =             0.0023763
 ZENTRAL  3TEIL =             0.0018428
 S-S-POTENTIAL 3N AK =       -0.0027815
 S-S-POTENTIAL 3N KO =        0.0037047
 S-T-POTENTIAL IK 3N A        0.0000000
 S-T-POTENTIAL IJ 3N A        0.0000000
 S-T-POTENTIAL IK 3N K        0.0000000
 S-T-POTENTIAL IJ 3N K        0.0000000
 TENSOR-T RANG=0  3N A        0.0175627
 TENSOR-T RANG=0  3N K        0.0049771
 TENSOR-T RANG=1  3N A        0.0000000
 TENSOR-T RANG=1  3N K       -0.0000000
 TENSOR-T RANG=2  3N A        0.0000000
 TENSOR-T RANG=2  3N K        0.0000000
 TENSOR-T RANG=3  3N K        0.0000000
 GESAMTE     ENERGIE =      77.2080281



 DER  1 TE PARAMETERSATZ DER   8 TEN STRUKTUR = /   3 ) LIEFERT
 KINETISCHE ENERGIE =      1970.8786582
 COULOMB ENERGIE=             2.9598769
 ZENTRAL ENERGIE=           526.4309370
 L-QUADRAT    =            1048.4753174
 LS**2 SKALAR  =           -233.6785621
 SPINBAHN ENERGIE =         349.4696502
 LS**2 VEKTOR   =            -2.4344546
 TENSOR ENERGIE =            -3.0128677
 LS**2 TENSOR   =           115.3785963
 ISO-TENSOR SKA =             0.0000000
 ISO-TENSOR TEN =             0.0000000
 CHARGE ASYMMET =             0.9512668
 ZENTRAL  3TEIL =            87.6472630
 S-S-POTENTIAL 3N AK =        0.1722510
 S-S-POTENTIAL 3N KO =        0.0000000
 S-T-POTENTIAL IK 3N A        2.1452455
 S-T-POTENTIAL IJ 3N A        2.1452455
 S-T-POTENTIAL IK 3N K        0.0000000
 S-T-POTENTIAL IJ 3N K        0.0000000
 TENSOR-T RANG=0  3N A      -10.8121030
 TENSOR-T RANG=0  3N K        0.0000000
 TENSOR-T RANG=1  3N A        0.0000000
 TENSOR-T RANG=1  3N K       -0.0000000
 TENSOR-T RANG=2  3N A      -37.2053204
 TENSOR-T RANG=2  3N K        0.0000000
 TENSOR-T RANG=3  3N K        0.0000000
 GESAMTE     ENERGIE =    3819.5110001



 DER  1 TE PARAMETERSATZ DER  11 TEN STRUKTUR = /   4 ) LIEFERT
 KINETISCHE ENERGIE =       894.8996638
 COULOMB ENERGIE=             1.6209588
 ZENTRAL ENERGIE=            86.4810935
 L-QUADRAT    =             114.0644499
 LS**2 SKALAR  =             -5.3129282
 SPINBAHN ENERGIE =           0.0000000
 LS**2 VEKTOR   =             0.0000000
 TENSOR ENERGIE =             0.0000000
 LS**2 TENSOR   =             0.0000000
 ISO-TENSOR SKA =             0.0000000
 ISO-TENSOR TEN =             0.0000000
 CHARGE ASYMMET =             0.4297499
 ZENTRAL  3TEIL =             2.4041036
 S-S-POTENTIAL 3N AK =        0.0278029
 S-S-POTENTIAL 3N KO =       -0.0144998
 S-T-POTENTIAL IK 3N A        0.0000000
 S-T-POTENTIAL IJ 3N A        0.0000000
 S-T-POTENTIAL IK 3N K        0.0000000
 S-T-POTENTIAL IJ 3N K        0.0000000
 TENSOR-T RANG=0  3N A        2.5772608
 TENSOR-T RANG=0  3N K        0.7687085
 TENSOR-T RANG=1  3N A        0.0000000
 TENSOR-T RANG=1  3N K        0.0000000
 TENSOR-T RANG=2  3N A        0.0000000
 TENSOR-T RANG=2  3N K        0.0000000
 TENSOR-T RANG=3  3N K        0.0000000
 GESAMTE     ENERGIE =    1097.9463637



 DER  1 TE PARAMETERSATZ DER  15 TEN STRUKTUR = /   5 ) LIEFERT
 KINETISCHE ENERGIE =      1363.5314996
 COULOMB ENERGIE=             2.0564763
 ZENTRAL ENERGIE=           946.0483561
 L-QUADRAT    =             781.5774956
 LS**2 SKALAR  =           -166.6199752
 SPINBAHN ENERGIE =         323.7149301
 LS**2 VEKTOR   =           -36.7482123
 TENSOR ENERGIE =           -25.7902874
 LS**2 TENSOR   =          -150.2286068
 ISO-TENSOR SKA =             0.0000000
 ISO-TENSOR TEN =             0.0000000
 CHARGE ASYMMET =             0.5938215
 ZENTRAL  3TEIL =            85.0190823
 S-S-POTENTIAL 3N AK =        0.1648447
 S-S-POTENTIAL 3N KO =        0.0000000
 S-T-POTENTIAL IK 3N A       -2.8900106
 S-T-POTENTIAL IJ 3N A       -2.8900106
 S-T-POTENTIAL IK 3N K        0.0000000
 S-T-POTENTIAL IJ 3N K        0.0000000
 TENSOR-T RANG=0  3N A       28.6917963
 TENSOR-T RANG=0  3N K        0.0000000
 TENSOR-T RANG=1  3N A        0.0000000
 TENSOR-T RANG=1  3N K        4.8728578
 TENSOR-T RANG=2  3N A      -19.5296943
 TENSOR-T RANG=2  3N K        0.0000000
 TENSOR-T RANG=3  3N K       -4.2867858
 GESAMTE     ENERGIE =    3127.2875774


        EIGENWERTE DES HAMILTONOPERATORS


  7.72069E+01  1.09711E+03  1.17546E+03  3.12505E+03  3.82265E+03


 ENTWICKLUNG DES  1 TEN EIGENVEKTORS

 -2.2509581963E-01 /   1) -3.8348008843E-01 /   2)  1.0000000000E+00 /   3) -4.1152231458E-02 /   4)
 -9.0993695894E-02 /   5)


 ENTWICKLUNG DES  2 TEN EIGENVEKTORS

  9.0846732270E-02 /   1)  9.4322463346E-08 /   2)  3.6374972510E-01 /   3) -1.0000000000E+00 /   4)
  2.0771168999E-02 /   5)


 ENTWICKLUNG DES  3 TEN EIGENVEKTORS

  1.0000000000E+00 /   1) -1.7358344817E-06 /   2) -1.3934222147E-01 /   3)  1.1369389264E-01 /   4)
  1.9977067446E-02 /   5)


 ENTWICKLUNG DES  4 TEN EIGENVEKTORS

  1.2669867732E-03 /   1)  2.1755791346E-09 /   2) -5.2793309736E-01 /   3) -1.0008440298E-04 /   4)
 -1.0000000000E+00 /   5)


 ENTWICKLUNG DES  5 TEN EIGENVEKTORS

  1.6440761172E-05 /   1)  4.4787236451E-10 /   2)  1.0000000000E+00 /   3)  2.6575243609E-05 /   4)
 -8.4727755057E-03 /   5)
 KOPPLUNGSMATRIX FUER OPERATOR    2
   7338.2     0.18140E-01-0.37043     0.55009E-03 0.21315E-03
  0.18140E-01  1.3748     0.56386E-02-0.38338E-04 0.43497E-04
 -0.37043     0.56386E-02  1.7818     0.51924E-03-0.12020E-04
  0.55009E-03-0.38338E-04 0.51924E-03 0.95276E-02-0.35687E-04
  0.21315E-03 0.43497E-04-0.12020E-04-0.35687E-04 0.22021E-03
  NORMMATRIX
   96.195    -0.76591E-15-0.98749E-15 0.30125E-14-0.38907E-15
 -0.76592E-15 0.15357E-02-0.23469E-14 0.41299E-15 0.10993E-15
 -0.98754E-15-0.23469E-14 0.19215E-02-0.51192E-15 0.63572E-16
  0.30125E-14 0.41299E-15-0.51192E-15 0.69717E-05-0.36629E-14
 -0.38907E-15 0.10993E-15 0.63572E-16-0.36629E-14 0.11188E-06
 KOPPLUNGSMATRIX FUER OPERATOR    3
   40.982     0.66732E-04-0.97515E-04 0.13874E-05 0.29269E-06
  0.66732E-04 0.24739E-02-0.17065E-03-0.30892E-06 0.50899E-07
 -0.97515E-04-0.17065E-03 0.12363E-02-0.24432E-05-0.52292E-07
  0.13874E-05-0.30892E-06-0.24432E-05 0.14363E-04-0.53151E-07
  0.29269E-06 0.50899E-07-0.52292E-07-0.53151E-07 0.33071E-06
 KOPPLUNGSMATRIX FUER OPERATOR    4
  -159.38     0.83359E-03-0.52216E-01 0.69674E-03 0.64542E-04
  0.83359E-03 0.13333     0.55672E-02-0.18644E-03 0.16357E-04
 -0.52216E-01 0.55672E-02 0.22732    -0.69988E-03-0.12440E-04
  0.69674E-03-0.18644E-03-0.69988E-03 0.65833E-02 0.24681E-04
  0.64542E-04 0.16357E-04-0.12440E-04 0.24681E-04 0.59108E-04
 KOPPLUNGSMATRIX FUER OPERATOR    6
   205.91    -0.99859E-02-0.18810     0.47293E-03 0.11981E-03
 -0.99859E-02 0.18030     0.56219E-01-0.13446E-03 0.37209E-04
 -0.18810     0.56219E-01 0.83784    -0.28558E-03-0.13457E-04
  0.47293E-03-0.13446E-03-0.28558E-03 0.54575E-02-0.15691E-04
  0.11981E-03 0.37209E-04-0.13457E-04-0.15691E-04 0.11717E-03
 KOPPLUNGSMATRIX FUER OPERATOR    7
  -49.354     0.95881E-02 0.10895    -0.12978E-04-0.25567E-04
  0.95881E-02-0.12081E-01-0.43122E-01-0.33774E-05-0.95685E-05
  0.10895    -0.43122E-01-0.48484    -0.32645E-03-0.19139E-05
 -0.12978E-04-0.33774E-05-0.32645E-03-0.11643E-02 0.39361E-05
 -0.25567E-04-0.95685E-05-0.19139E-05 0.39361E-05-0.26111E-04
 KOPPLUNGSMATRIX FUER OPERATOR    8
   48.100    -0.17806E-01 0.10474     0.69616E-03-0.91902E-04
 -0.17806E-01-0.43272E-03-0.41804E-02-0.13267E-04-0.66999E-04
  0.10474    -0.41804E-02-0.46055E-01-0.10398E-03-0.23562E-04
  0.69616E-03-0.13267E-04-0.10398E-03 0.22452E-02 0.10962E-04
 -0.91902E-04-0.66999E-04-0.23562E-04 0.10962E-04 0.39303E-04
 KOPPLUNGSMATRIX FUER OPERATOR    9
 -0.19286     0.35732E-01 0.30977     0.29626E-03-0.19000E-04
  0.35732E-01-0.77847E-03-0.83223E-02 0.21120E-04-0.30142E-04
  0.30977    -0.83223E-02-0.91619E-01-0.28356E-04-0.43296E-05
  0.29626E-03 0.21120E-04-0.28356E-04-0.26392E-03 0.62353E-05
 -0.19000E-04-0.30142E-04-0.43296E-05 0.62353E-05-0.14745E-06
 KOPPLUNGSMATRIX FUER OPERATOR   10
  0.34279    -0.65822E-01-0.75770    -0.42242E-02-0.48770E-03
 -0.65822E-01-0.30233E-02-0.19450E-01-0.14072E-03 0.32632E-05
 -0.75770    -0.19450E-01-0.60927E-01 0.88065E-03 0.60671E-04
 -0.42242E-02-0.14072E-03 0.88065E-03-0.18650E-03 0.77681E-05
 -0.48770E-03 0.32632E-05 0.60671E-04 0.77681E-05-0.19296E-06
 KOPPLUNGSMATRIX FUER OPERATOR   11
 -0.38657     0.77474E-01 0.84950     0.62450E-03 0.28981E-03
  0.77474E-01 0.60835E-03 0.75440E-02 0.41379E-03 0.58793E-05
  0.84950     0.75440E-02 0.90800E-01 0.18912E-03-0.20494E-04
  0.62450E-03 0.41379E-03 0.18912E-03-0.10653E-02 0.91433E-05
  0.28981E-03 0.58793E-05-0.20494E-04 0.91433E-05 0.13198E-04
 KOPPLUNGSMATRIX FUER OPERATOR   12
   0.0000      0.0000      0.0000      0.0000      0.0000    
   0.0000      0.0000      0.0000      0.0000      0.0000    
   0.0000      0.0000      0.0000      0.0000      0.0000    
   0.0000      0.0000      0.0000      0.0000      0.0000    
   0.0000      0.0000      0.0000      0.0000      0.0000    
 KOPPLUNGSMATRIX FUER OPERATOR   13
   0.0000      0.0000      0.0000      0.0000      0.0000    
   0.0000      0.0000      0.0000      0.0000      0.0000    
   0.0000      0.0000      0.0000      0.0000      0.0000    
   0.0000      0.0000      0.0000      0.0000      0.0000    
   0.0000      0.0000      0.0000      0.0000      0.0000    
 KOPPLUNGSMATRIX FUER OPERATOR   14
  0.22859     0.26524E-04-0.56583E-05 0.48563E-06 0.10953E-06
  0.26524E-04 0.65337E-03-0.72824E-04-0.10722E-06 0.19900E-07
 -0.56583E-05-0.72824E-04 0.24216E-04-0.81540E-06-0.19612E-07
  0.48563E-06-0.10722E-06-0.81540E-06 0.41508E-05-0.21026E-07
  0.10953E-06 0.19900E-07-0.19612E-07-0.21026E-07 0.10625E-06
 KOPPLUNGSMATRIX FUER OPERATOR   16
  0.17741     0.10667E-03-0.52074E-03 0.74081E-04 0.10427E-04
  0.10667E-03 0.36742E-02-0.21496E-03-0.24067E-04 0.32640E-05
 -0.52074E-03-0.21496E-03 0.22333E-02-0.12448E-03-0.23973E-05
  0.74081E-04-0.24067E-04-0.12448E-03 0.59275E-03-0.15547E-06
  0.10427E-04 0.32640E-05-0.23973E-05-0.15547E-06 0.98049E-05
 KOPPLUNGSMATRIX FUER OPERATOR   17
 -0.26756     0.13967E-05-0.59466E-05 0.15339E-06 0.20798E-07
  0.13967E-05 0.42430E-04-0.29803E-05-0.46512E-07 0.54675E-08
 -0.59466E-05-0.29803E-05 0.20577E-04-0.27830E-06-0.47974E-08
  0.15339E-06-0.46512E-07-0.27830E-06 0.11492E-05-0.43860E-09
  0.20798E-07 0.54675E-08-0.47974E-08-0.43860E-09 0.19268E-07
 KOPPLUNGSMATRIX FUER OPERATOR   18
  0.35637    -0.99464E-06 0.17162E-05-0.21126E-08-0.39211E-09
 -0.99464E-06-0.22040E-04 0.25058E-05-0.22058E-08 0.58571E-09
  0.17162E-05 0.25058E-05-0.28489E-06 0.25078E-09-0.66594E-10
 -0.21126E-08-0.22058E-08 0.25078E-09-0.22076E-12 0.58623E-13
 -0.39211E-09 0.58571E-09-0.66594E-10 0.58623E-13-0.15565E-13
 KOPPLUNGSMATRIX FUER OPERATOR   19
 -0.69608E-04-0.17513E-03 0.23347E-03 0.47534E-04 0.87377E-05
 -0.17513E-03 0.15869E-03 0.86447E-03 0.26448E-05 0.18967E-06
  0.23347E-03 0.86447E-03-0.19575E-03 0.60260E-05 0.70080E-06
  0.47534E-04 0.26448E-05 0.60260E-05-0.19272E-04-0.96781E-06
  0.87377E-05 0.18967E-06 0.70080E-06-0.96781E-06 0.22608E-06
 KOPPLUNGSMATRIX FUER OPERATOR   20
 -0.69608E-04-0.17513E-03 0.23347E-03 0.47534E-04 0.87377E-05
 -0.17513E-03 0.15869E-03 0.86447E-03 0.26448E-05 0.18967E-06
  0.23347E-03 0.86447E-03-0.19575E-03 0.60260E-05 0.70080E-06
  0.47534E-04 0.26448E-05 0.60260E-05-0.19272E-04-0.96781E-06
  0.87377E-05 0.18967E-06 0.70080E-06-0.96781E-06 0.22608E-06
 KOPPLUNGSMATRIX FUER OPERATOR   21
 -0.39439E-03 0.60794E-04 0.87454E-03-0.59723E-05-0.24685E-06
  0.60794E-04 0.14898E-04 0.80799E-04-0.15797E-05-0.13123E-07
  0.87454E-03 0.80799E-04-0.18557E-04 0.18783E-06-0.70240E-09
 -0.59723E-05-0.15797E-05 0.18783E-06-0.31629E-09 0.40715E-10
 -0.24685E-06-0.13123E-07-0.70240E-09 0.40715E-10 0.68754E-12
 KOPPLUNGSMATRIX FUER OPERATOR   22
 -0.39439E-03 0.60794E-04 0.87454E-03-0.59723E-05-0.24685E-06
  0.60794E-04 0.14898E-04 0.80799E-04-0.15797E-05-0.13123E-07
  0.87454E-03 0.80799E-04-0.18557E-04 0.18783E-06-0.70240E-09
 -0.59723E-05-0.15797E-05 0.18783E-06-0.31629E-09 0.40715E-10
 -0.24685E-06-0.13123E-07-0.70240E-09 0.40715E-10 0.68754E-12
 KOPPLUNGSMATRIX FUER OPERATOR   23
   1.6895     0.13767E-03-0.25321E-03 0.34050E-04-0.92888E-06
  0.13767E-03 0.39263E-02-0.34855E-03-0.96829E-05-0.62894E-06
 -0.25321E-03-0.34855E-03 0.11007E-02-0.72029E-04-0.42353E-06
  0.34050E-04-0.96829E-05-0.72029E-04 0.19871E-03 0.23218E-05
 -0.92888E-06-0.62894E-06-0.42353E-06 0.23218E-05-0.11900E-05
 KOPPLUNGSMATRIX FUER OPERATOR   24
  0.47877     0.47966E-04-0.32997E-05 0.20963E-08-0.18370E-08
  0.47966E-04 0.11684E-02-0.13284E-03 0.11694E-06-0.31052E-07
 -0.32997E-05-0.13284E-03 0.15104E-04-0.13296E-07 0.35304E-08
  0.20963E-08 0.11694E-06-0.13296E-07 0.11704E-10-0.31078E-11
 -0.18370E-08-0.31052E-07 0.35304E-08-0.31078E-11 0.82520E-12
 KOPPLUNGSMATRIX FUER OPERATOR   25
  0.21897E-02-0.41057E-01-0.75913E-02 0.70495E-04 0.11997E-05
 -0.41057E-01-0.74416E-05 0.16694E-05 0.54147E-05-0.10257E-04
 -0.75913E-02 0.16694E-05-0.39372E-06-0.61513E-06 0.11661E-05
  0.70495E-04 0.54147E-05-0.61513E-06 0.10831E-08-0.11705E-08
  0.11997E-05-0.10257E-04 0.11661E-05-0.11705E-08 0.54515E-09
 KOPPLUNGSMATRIX FUER OPERATOR   26
 -0.26195E-02-0.70883E-02 0.53014E-02 0.13321E-04 0.16833E-06
 -0.70883E-02 0.43062E-05 0.98973E-06-0.39221E-05 0.57042E-05
  0.53014E-02 0.98973E-06 0.15849E-04-0.11584E-05 0.94365E-06
  0.13321E-04-0.39221E-05-0.11584E-05 0.34410E-04-0.25683E-06
  0.16833E-06 0.57042E-05 0.94365E-06-0.25683E-06-0.71105E-08
 KOPPLUNGSMATRIX FUER OPERATOR   27
  0.92951E-03-0.22641E-03-0.22751E-02 0.56702E-03-0.99487E-04
 -0.22641E-03-0.22532E-04-0.11243E-03 0.67307E-04-0.11927E-06
 -0.22751E-02-0.11243E-03-0.83149E-04 0.80355E-04 0.84334E-05
  0.56702E-03 0.67307E-04 0.80355E-04-0.12691E-03-0.80232E-05
 -0.99487E-04-0.11927E-06 0.84334E-05-0.80232E-05-0.43080E-05
 KOPPLUNGSMATRIX FUER OPERATOR   28
  0.60752E-03 0.61467E-04-0.12933E-02 0.54883E-04 0.12550E-04
  0.61467E-04-0.13874E-03-0.74543E-03 0.48185E-04 0.40587E-06
 -0.12933E-02-0.74543E-03 0.17128E-03-0.55543E-05-0.25857E-07
  0.54883E-04 0.48185E-04-0.55543E-05 0.96459E-08-0.12404E-08
  0.12550E-04 0.40587E-06-0.25857E-07-0.12404E-08-0.21503E-10
 KOPPLUNGSMATRIX FUER OPERATOR   29
 -0.62685E-05-0.91294E-06 0.82733E-05 0.14613E-05-0.44754E-05
 -0.91294E-06 0.16768E-05 0.10681E-04-0.33275E-05 0.17350E-05
  0.82733E-05 0.10681E-04 0.35873E-04-0.30160E-04 0.18522E-04
  0.14613E-05-0.33275E-05-0.30160E-04-0.26671E-04-0.32210E-05
 -0.44754E-05 0.17350E-05 0.18522E-04-0.32210E-05-0.52453E-07
0 DER   1 TE EIGENVEKTOR LIEFERT 


 KINETISCHE ENERGIE =        76.2849576
 COULOMB ENERGIE=             0.4260340
 ZENTRAL ENERGIE=            -1.6568774
 L-QUADRAT    =               2.1405893
 LS**2 SKALAR  =             -0.5130635
 SPINBAHN ENERGIE =           0.5000260
 LS**2 VEKTOR   =            -0.0020049
 TENSOR ENERGIE =             0.0035635
 LS**2 TENSOR   =            -0.0040186
 ISO-TENSOR SKA =             0.0000000
 ISO-TENSOR TEN =             0.0000000
 CHARGE ASYMMET =             0.0023763
 ZENTRAL  3TEIL =             0.0018442
 S-S-POTENTIAL 3N AK =       -0.0027815
 S-S-POTENTIAL 3N KO =        0.0037047
 S-T-POTENTIAL IK 3N A       -0.0000007
 S-T-POTENTIAL IJ 3N A       -0.0000007
 S-T-POTENTIAL IK 3N K       -0.0000041
 S-T-POTENTIAL IJ 3N K       -0.0000041
 TENSOR-T RANG=0  3N A        0.0175633
 TENSOR-T RANG=0  3N K        0.0049771
 TENSOR-T RANG=1  3N A        0.0000228
 TENSOR-T RANG=1  3N K       -0.0000272
 TENSOR-T RANG=2  3N A        0.0000097
 TENSOR-T RANG=2  3N K        0.0000063
 TENSOR-T RANG=3  3N K       -0.0000001
 GESAMTE     ENERGIE =      77.2068919

 ENTWICKLUNG DES  1 TEN EIGENVEKTORS,AUSGEDRUECKT DURCH NORMIERTE BASISVEKTOREN

   1)       -98
   2) 
   3) 
   4) 
   5)    -98078
   6) 
   7) 
   8)         3
   9) 
  10) 
  11)       -16
  12) 
  13) 
  14) 
  15)        -2
  16) 
  17) 
  18) 
0UEBERLAPP DES EIGENVEKTORS MIT NORM. BASISVEKTOREN

   1)       -10
   2) 
   3) 
   4) 
   5)     -9999
   6) 
   7) 
   8)         0
   9) 
  10) 
  11)        -1
  12) 
  13) 
  14) 
  15)         0
  16) 
  17) 
  18) 
0UEBERLAPP MIT KANAELEN

       98       0       0       0   98078       0       0       3       0       0
       16       0       0       0       4       0       0       0
0 DER   2 TE EIGENVEKTOR LIEFERT 


 KINETISCHE ENERGIE =       895.2441759
 COULOMB ENERGIE=             1.6108779
 ZENTRAL ENERGIE=            86.8170637
 L-QUADRAT    =             117.4017079
 LS**2 SKALAR  =             -7.8667041
 SPINBAHN ENERGIE =          -0.2817679
 LS**2 VEKTOR   =            -0.5069114
 TENSOR ENERGIE =            -1.9686551
 LS**2 TENSOR   =             0.3961343
 ISO-TENSOR SKA =             0.0000000
 ISO-TENSOR TEN =             0.0000000
 CHARGE ASYMMET =             0.4254472
 ZENTRAL  3TEIL =             2.3925053
 S-S-POTENTIAL 3N AK =        0.0276286
 S-S-POTENTIAL 3N KO =       -0.0143514
 S-T-POTENTIAL IK 3N A        0.1033294
 S-T-POTENTIAL IJ 3N A        0.1033294
 S-T-POTENTIAL IK 3N K        0.0097012
 S-T-POTENTIAL IJ 3N K        0.0097012
 TENSOR-T RANG=0  3N A        2.5566270
 TENSOR-T RANG=0  3N K        0.7608390
 TENSOR-T RANG=1  3N A       -0.0048456
 TENSOR-T RANG=1  3N K        0.0028040
 TENSOR-T RANG=2  3N A       -0.0146716
 TENSOR-T RANG=2  3N K       -0.0903393
 TENSOR-T RANG=3  3N K        0.0010919
 GESAMTE     ENERGIE =    1097.1147173

 ENTWICKLUNG DES  2 TEN EIGENVEKTORS,AUSGEDRUECKT DURCH NORMIERTE BASISVEKTOREN

   1)        39
   2) 
   3) 
   4) 
   5)         0
   6) 
   7) 
   8)         1
   9) 
  10) 
  11)      -389
  12) 
  13) 
  14) 
  15)         0
  16) 
  17) 
  18) 
0UEBERLAPP DES EIGENVEKTORS MIT NORM. BASISVEKTOREN

   1)      1011
   2) 
   3) 
   4) 
   5)         0
   6) 
   7) 
   8)        30
   9) 
  10) 
  11)     -9948
  12) 
  13) 
  14) 
  15)        33
  16) 
  17) 
  18) 
0UEBERLAPP MIT KANAELEN

       39       0       0       0       0       0       0       1       0       0
      389       0       0       0       1       0       0       0
0 DER   3 TE EIGENVEKTOR LIEFERT 


 KINETISCHE ENERGIE =       927.2831558
 COULOMB ENERGIE=             0.6433883
 ZENTRAL ENERGIE=           118.3033933
 L-QUADRAT    =             436.0403328
 LS**2 SKALAR  =           -252.3247820
 SPINBAHN ENERGIE =         -23.9684239
 LS**2 VEKTOR   =           -47.6816728
 TENSOR ENERGIE =           -31.7084473
 LS**2 TENSOR   =            47.2554462
 ISO-TENSOR SKA =             0.0000000
 ISO-TENSOR TEN =             0.0000000
 CHARGE ASYMMET =             0.0126026
 ZENTRAL  3TEIL =             1.1622641
 S-S-POTENTIAL 3N AK =        0.0107088
 S-S-POTENTIAL 3N KO =       -0.0001483
 S-T-POTENTIAL IK 3N A       -0.1018750
 S-T-POTENTIAL IJ 3N A       -0.1018750
 S-T-POTENTIAL IK 3N K       -0.0096578
 S-T-POTENTIAL IJ 3N K       -0.0096578
 TENSOR-T RANG=0  3N A        0.5728214
 TENSOR-T RANG=0  3N K        0.0078604
 TENSOR-T RANG=1  3N A       -0.0002049
 TENSOR-T RANG=1  3N K        0.0082485
 TENSOR-T RANG=2  3N A       -0.0432731
 TENSOR-T RANG=2  3N K        0.0891416
 TENSOR-T RANG=3  3N K        0.0186697
 GESAMTE     ENERGIE =    1175.4580154

 ENTWICKLUNG DES  3 TEN EIGENVEKTORS,AUSGEDRUECKT DURCH NORMIERTE BASISVEKTOREN

   1)       436
   2) 
   3) 
   4) 
   5)         0
   6) 
   7) 
   8)         0
   9) 
  10) 
  11)        44
  12) 
  13) 
  14) 
  15)         0
  16) 
  17) 
  18) 
0UEBERLAPP DES EIGENVEKTORS MIT NORM. BASISVEKTOREN

   1)      9948
   2) 
   3) 
   4) 
   5)       -10
   6) 
   7) 
   8)       -10
   9) 
  10) 
  11)      1011
  12) 
  13) 
  14) 
  15)       207
  16) 
  17) 
  18) 
0UEBERLAPP MIT KANAELEN

      436       0       0       0       0       0       0       0       0       0
       44       0       0       0       9       0       0       0
0 DER   4 TE EIGENVEKTOR LIEFERT 


 KINETISCHE ENERGIE =      1366.6097807
 COULOMB ENERGIE=             2.0602279
 ZENTRAL ENERGIE=           944.2817604
 L-QUADRAT    =             782.8055694
 LS**2 SKALAR  =           -166.9970198
 SPINBAHN ENERGIE =         322.0416056
 LS**2 VEKTOR   =           -37.8564740
 TENSOR ENERGIE =           -26.7508181
 LS**2 TENSOR   =          -152.8087976
 ISO-TENSOR SKA =             0.0000000
 ISO-TENSOR TEN =             0.0000000
 CHARGE ASYMMET =             0.5953708
 ZENTRAL  3TEIL =            85.0215596
 S-S-POTENTIAL 3N AK =        0.1648430
 S-S-POTENTIAL 3N KO =       -0.0000000
 S-T-POTENTIAL IK 3N A       -2.7642515
 S-T-POTENTIAL IJ 3N A       -2.7642515
 S-T-POTENTIAL IK 3N K       -0.0000454
 S-T-POTENTIAL IJ 3N K       -0.0000454
 TENSOR-T RANG=0  3N A       28.5019287
 TENSOR-T RANG=0  3N K        0.0000017
 TENSOR-T RANG=1  3N A        0.0001554
 TENSOR-T RANG=1  3N K        4.9356898
 TENSOR-T RANG=2  3N A      -18.2036908
 TENSOR-T RANG=2  3N K        0.0013836
 TENSOR-T RANG=3  3N K       -3.8255412
 GESAMTE     ENERGIE =    3125.0489408

 ENTWICKLUNG DES  4 TEN EIGENVEKTORS,AUSGEDRUECKT DURCH NORMIERTE BASISVEKTOREN

   1)         0
   2) 
   3) 
   4) 
   5)         0
   6) 
   7) 
   8)        -1
   9) 
  10) 
  11)         0
  12) 
  13) 
  14) 
  15)       -26
  16) 
  17) 
  18) 
0UEBERLAPP DES EIGENVEKTORS MIT NORM. BASISVEKTOREN

   1)        12
   2) 
   3) 
   4) 
   5)         0
   6) 
   7) 
   8)      -667
   9) 
  10) 
  11)       -14
  12) 
  13) 
  14) 
  15)     -9975
  16) 
  17) 
  18) 
0UEBERLAPP MIT KANAELEN

        0       0       0       0       0       0       0       1       0       0
        0       0       0       0      26       0       0       0
0 DER   5 TE EIGENVEKTOR LIEFERT 


 KINETISCHE ENERGIE =      1968.1650716
 COULOMB ENERGIE=             2.9558362
 ZENTRAL ENERGIE=           528.2950895
 L-QUADRAT    =            1047.2773194
 LS**2 SKALAR  =           -233.3783712
 SPINBAHN ENERGIE =         351.2847214
 LS**2 VEKTOR   =            -1.3179152
 TENSOR ENERGIE =            -1.7246545
 LS**2 TENSOR   =           117.9597962
 ISO-TENSOR SKA =             0.0000000
 ISO-TENSOR TEN =             0.0000000
 CHARGE ASYMMET =             0.9496685
 ZENTRAL  3TEIL =            87.6345434
 S-S-POTENTIAL 3N AK =        0.1722161
 S-S-POTENTIAL 3N KO =       -0.0000001
 S-T-POTENTIAL IK 3N A        2.0206703
 S-T-POTENTIAL IJ 3N A        2.0206703
 S-T-POTENTIAL IK 3N K        0.0000061
 S-T-POTENTIAL IJ 3N K        0.0000061
 TENSOR-T RANG=0  3N A      -10.6361636
 TENSOR-T RANG=0  3N K        0.0000074
 TENSOR-T RANG=1  3N A        0.0048724
 TENSOR-T RANG=1  3N K       -0.0635530
 TENSOR-T RANG=2  3N A      -38.5043656
 TENSOR-T RANG=2  3N K       -0.0001922
 TENSOR-T RANG=3  3N K       -0.4688161
 GESAMTE     ENERGIE =    3822.6464635

 ENTWICKLUNG DES  5 TEN EIGENVEKTORS,AUSGEDRUECKT DURCH NORMIERTE BASISVEKTOREN

   1)         0
   2) 
   3) 
   4) 
   5)         0
   6) 
   7) 
   8)         3
   9) 
  10) 
  11)         0
  12) 
  13) 
  14) 
  15)         0
  16) 
  17) 
  18) 
0UEBERLAPP DES EIGENVEKTORS MIT NORM. BASISVEKTOREN

   1)         8
   2) 
   3) 
   4) 
   5)         0
   6) 
   7) 
   8)      9977
   9) 
  10) 
  11)        30
  12) 
  13) 
  14) 
  15)      -667
  16) 
  17) 
  18) 
0UEBERLAPP MIT KANAELEN

        0       0       0       0       0       0       0       3       0       0
        0       0       0       0       0       0       0       0


 ENDE DER RECHNUNG VON ENDMAT
