  DM-MATRIZEN WERDEN AUF MATOUTKOPIERT
  0.1000E+01  0.1000E+01  0.1000E+01  0.1000E+01  0.1000E+01  0.1000E+01  0.1000E+01
  0.1000E+01  0.1000E+01  0.1000E+01  0.1000E+01  0.1000E+01

     1
     1  1     1  0     1  1  0     0  0  0  0  0     0

     2
     1  1     1  0     1  1  2     0  0  0  0  0     0

     3
     1  1     1  0     1  1  0     0  0  0  1  1     0

     4
     1  1     1  0     1  1  2     0  0  0  1  1     0

     5
     1  1     1  0     1  1  0     0  0  0  2  2     0

     6
     1  1     1  0     1  1  2     0  0  0  2  2     0

     7
     1  1     1  0     1  1  0     0  0  0  3  3     0

     8
     1  1     1  0     1  1  2     0  0  0  3  3     0
 GESAMTDREHIMPULS =   4 /2  PARITAET = +


 OPERATOREN 
  1  1  1  1  0  1  1  1  1  1
  1  1  1  1
0/  1 ) =    1.0000 /  4 )
 BENUTZTE RADIALFUNKTIONEN    
  1  1  1  1  1  1  1  1  1  1  1  1  1
0/  2 ) =    1.0000 /  8 )
 BENUTZTE RADIALFUNKTIONEN    
  1  1  1  1  1  1  1  1  1  1  1  1  1
    1 -TE MATRIX EN,H IN ENPON,OPERATOR   14

           1           2           3           4           5           6           7           8           9          10
   1    3.7156E-04  5.7346E-04  8.1028E-04  1.0575E-03  1.2905E-03  1.4925E-03  1.6562E-03  1.7826E-03  1.8765E-03  1.9445E-03
   2    5.7346E-04  9.6984E-04  1.4968E-03  2.1150E-03  2.7603E-03  3.3685E-03  3.8956E-03  4.3231E-03  4.6528E-03  4.8980E-03
   3    8.1028E-04  1.4968E-03  2.5314E-03  3.9069E-03  5.5204E-03  7.2046E-03  8.7923E-03  1.0168E-02  1.1284E-02  1.2145E-02
   4    1.0575E-03  2.1150E-03  3.9069E-03  6.6073E-03  1.0198E-02  1.4409E-02  1.8805E-02  2.2949E-02  2.6539E-02  2.9453E-02
   5    1.2905E-03  2.7603E-03  5.5204E-03  1.0198E-02  1.7247E-02  2.6618E-02  3.7611E-02  4.9086E-02  5.9901E-02  6.9279E-02
   6    1.4925E-03  3.3685E-03  7.2046E-03  1.4409E-02  2.6618E-02  4.5016E-02  6.9475E-02  9.8167E-02  1.2811E-01  1.5636E-01
   7    1.6562E-03  3.8956E-03  8.7923E-03  1.8805E-02  3.7611E-02  6.9475E-02  1.1750E-01  1.8134E-01  2.5622E-01  3.3443E-01
   8    1.7826E-03  4.3231E-03  1.0168E-02  2.2949E-02  4.9086E-02  9.8167E-02  1.8134E-01  3.0668E-01  4.7328E-01  6.6884E-01
   9    1.8765E-03  4.6528E-03  1.1284E-02  2.6539E-02  5.9901E-02  1.2811E-01  2.5622E-01  4.7328E-01  8.0033E-01  1.2354E+00
  10    1.9445E-03  4.8980E-03  1.2145E-02  2.9453E-02  6.9279E-02  1.5636E-01  3.3443E-01  6.6884E-01  1.2354E+00  2.0899E+00
  11    1.9928E-03  5.0755E-03  1.2785E-02  3.1700E-02  7.6882E-02  1.8083E-01  4.0814E-01  8.7295E-01  1.7457E+00  3.2258E+00
  12    2.0267E-03  5.2015E-03  1.3247E-02  3.3368E-02  8.2741E-02  2.0065E-01  4.7194E-01  1.0651E+00  2.2777E+00  4.5567E+00
  13    2.0502E-03  5.2900E-03  1.3577E-02  3.4578E-02  8.7102E-02  2.1596E-01  5.2375E-01  1.2319E+00  2.7799E+00  5.9477E+00
  14    0.0000E+00  0.0000E+00  0.0000E+00  0.0000E+00  0.0000E+00  0.0000E+00  0.0000E+00  0.0000E+00  0.0000E+00  0.0000E+00
  15    0.0000E+00  0.0000E+00  0.0000E+00  0.0000E+00  0.0000E+00  0.0000E+00  0.0000E+00  0.0000E+00  0.0000E+00  0.0000E+00
  16    0.0000E+00  0.0000E+00  0.0000E+00  0.0000E+00  0.0000E+00  0.0000E+00  0.0000E+00  0.0000E+00  0.0000E+00  0.0000E+00
  17    0.0000E+00  0.0000E+00  0.0000E+00  0.0000E+00  0.0000E+00  0.0000E+00  0.0000E+00  0.0000E+00  0.0000E+00  0.0000E+00
  18    0.0000E+00  0.0000E+00  0.0000E+00  0.0000E+00  0.0000E+00  0.0000E+00  0.0000E+00  0.0000E+00  0.0000E+00  0.0000E+00
  19    0.0000E+00  0.0000E+00  0.0000E+00  0.0000E+00  0.0000E+00  0.0000E+00  0.0000E+00  0.0000E+00  0.0000E+00  0.0000E+00
  20    0.0000E+00  0.0000E+00  0.0000E+00  0.0000E+00  0.0000E+00  0.0000E+00  0.0000E+00  0.0000E+00  0.0000E+00  0.0000E+00
  21    0.0000E+00  0.0000E+00  0.0000E+00  0.0000E+00  0.0000E+00  0.0000E+00  0.0000E+00  0.0000E+00  0.0000E+00  0.0000E+00
  22    0.0000E+00  0.0000E+00  0.0000E+00  0.0000E+00  0.0000E+00  0.0000E+00  0.0000E+00  0.0000E+00  0.0000E+00  0.0000E+00
  23    0.0000E+00  0.0000E+00  0.0000E+00  0.0000E+00  0.0000E+00  0.0000E+00  0.0000E+00  0.0000E+00  0.0000E+00  0.0000E+00
  24    0.0000E+00  0.0000E+00  0.0000E+00  0.0000E+00  0.0000E+00  0.0000E+00  0.0000E+00  0.0000E+00  0.0000E+00  0.0000E+00
  25    0.0000E+00  0.0000E+00  0.0000E+00  0.0000E+00  0.0000E+00  0.0000E+00  0.0000E+00  0.0000E+00  0.0000E+00  0.0000E+00
  26    0.0000E+00  0.0000E+00  0.0000E+00  0.0000E+00  0.0000E+00  0.0000E+00  0.0000E+00  0.0000E+00  0.0000E+00  0.0000E+00

          11          12          13          14          15          16          17          18          19          20
   1    1.9928E-03  2.0267E-03  2.0502E-03  0.0000E+00  0.0000E+00  0.0000E+00  0.0000E+00  0.0000E+00  0.0000E+00  0.0000E+00
   2    5.0755E-03  5.2015E-03  5.2900E-03  0.0000E+00  0.0000E+00  0.0000E+00  0.0000E+00  0.0000E+00  0.0000E+00  0.0000E+00
   3    1.2785E-02  1.3247E-02  1.3577E-02  0.0000E+00  0.0000E+00  0.0000E+00  0.0000E+00  0.0000E+00  0.0000E+00  0.0000E+00
   4    3.1700E-02  3.3368E-02  3.4578E-02  0.0000E+00  0.0000E+00  0.0000E+00  0.0000E+00  0.0000E+00  0.0000E+00  0.0000E+00
   5    7.6882E-02  8.2741E-02  8.7102E-02  0.0000E+00  0.0000E+00  0.0000E+00  0.0000E+00  0.0000E+00  0.0000E+00  0.0000E+00
   6    1.8083E-01  2.0065E-01  2.1596E-01  0.0000E+00  0.0000E+00  0.0000E+00  0.0000E+00  0.0000E+00  0.0000E+00  0.0000E+00
   7    4.0814E-01  4.7194E-01  5.2375E-01  0.0000E+00  0.0000E+00  0.0000E+00  0.0000E+00  0.0000E+00  0.0000E+00  0.0000E+00
   8    8.7295E-01  1.0651E+00  1.2319E+00  0.0000E+00  0.0000E+00  0.0000E+00  0.0000E+00  0.0000E+00  0.0000E+00  0.0000E+00
   9    1.7457E+00  2.2777E+00  2.7799E+00  0.0000E+00  0.0000E+00  0.0000E+00  0.0000E+00  0.0000E+00  0.0000E+00  0.0000E+00
  10    3.2258E+00  4.5567E+00  5.9477E+00  0.0000E+00  0.0000E+00  0.0000E+00  0.0000E+00  0.0000E+00  0.0000E+00  0.0000E+00
  11    5.4565E+00  8.4185E+00  1.1897E+01  0.0000E+00  0.0000E+00  0.0000E+00  0.0000E+00  0.0000E+00  0.0000E+00  0.0000E+00
  12    8.4185E+00  1.4230E+01  2.1966E+01  0.0000E+00  0.0000E+00  0.0000E+00  0.0000E+00  0.0000E+00  0.0000E+00  0.0000E+00
  13    1.1897E+01  2.1966E+01  3.7156E+01  0.0000E+00  0.0000E+00  0.0000E+00  0.0000E+00  0.0000E+00  0.0000E+00  0.0000E+00
  14    0.0000E+00  0.0000E+00  0.0000E+00  8.1279E-06  1.7751E-05  3.3072E-05  5.3410E-05  7.6439E-05  9.9301E-05  1.1977E-04
  15    0.0000E+00  0.0000E+00  0.0000E+00  1.7751E-05  4.5707E-05  9.9821E-05  1.8598E-04  3.0036E-04  4.2985E-04  5.5842E-04
  16    0.0000E+00  0.0000E+00  0.0000E+00  3.3072E-05  9.9821E-05  2.5702E-04  5.6132E-04  1.0459E-03  1.6890E-03  2.4172E-03
  17    0.0000E+00  0.0000E+00  0.0000E+00  5.3410E-05  1.8598E-04  5.6132E-04  1.4453E-03  3.1566E-03  5.8811E-03  9.4976E-03
  18    0.0000E+00  0.0000E+00  0.0000E+00  7.6439E-05  3.0036E-04  1.0459E-03  3.1566E-03  8.1285E-03  1.7752E-02  3.3074E-02
  19    0.0000E+00  0.0000E+00  0.0000E+00  9.9301E-05  4.2985E-04  1.6890E-03  5.8811E-03  1.7752E-02  4.5707E-02  9.9820E-02
  20    0.0000E+00  0.0000E+00  0.0000E+00  1.1977E-04  5.5842E-04  2.4172E-03  9.4976E-03  3.3074E-02  9.9820E-02  2.5703E-01
  21    0.0000E+00  0.0000E+00  0.0000E+00  1.3671E-04  6.7352E-04  3.1401E-03  1.3592E-02  5.3413E-02  1.8598E-01  5.6132E-01
  22    0.0000E+00  0.0000E+00  0.0000E+00  1.4995E-04  7.6878E-04  3.7873E-03  1.7657E-02  7.6437E-02  3.0032E-01  1.0457E+00
  23    0.0000E+00  0.0000E+00  0.0000E+00  1.5987E-04  8.4325E-04  4.3233E-03  2.1299E-02  9.9312E-02  4.2987E-01  1.6891E+00
  24    0.0000E+00  0.0000E+00  0.0000E+00  1.6710E-04  8.9906E-04  4.7420E-03  2.4312E-02  1.1979E-01  5.5847E-01  2.4176E+00
  25    0.0000E+00  0.0000E+00  0.0000E+00  1.7224E-04  9.3963E-04  5.0554E-03  2.6664E-02  1.3672E-01  6.7348E-01  3.1399E+00
  26    0.0000E+00  0.0000E+00  0.0000E+00  1.7586E-04  9.6860E-04  5.2839E-03  2.8429E-02  1.4996E-01  7.6879E-01  3.7875E+00

          21          22          23          24          25          26
   1    0.0000E+00  0.0000E+00  0.0000E+00  0.0000E+00  0.0000E+00  0.0000E+00
   2    0.0000E+00  0.0000E+00  0.0000E+00  0.0000E+00  0.0000E+00  0.0000E+00
   3    0.0000E+00  0.0000E+00  0.0000E+00  0.0000E+00  0.0000E+00  0.0000E+00
   4    0.0000E+00  0.0000E+00  0.0000E+00  0.0000E+00  0.0000E+00  0.0000E+00
   5    0.0000E+00  0.0000E+00  0.0000E+00  0.0000E+00  0.0000E+00  0.0000E+00
   6    0.0000E+00  0.0000E+00  0.0000E+00  0.0000E+00  0.0000E+00  0.0000E+00
   7    0.0000E+00  0.0000E+00  0.0000E+00  0.0000E+00  0.0000E+00  0.0000E+00
   8    0.0000E+00  0.0000E+00  0.0000E+00  0.0000E+00  0.0000E+00  0.0000E+00
   9    0.0000E+00  0.0000E+00  0.0000E+00  0.0000E+00  0.0000E+00  0.0000E+00
  10    0.0000E+00  0.0000E+00  0.0000E+00  0.0000E+00  0.0000E+00  0.0000E+00
  11    0.0000E+00  0.0000E+00  0.0000E+00  0.0000E+00  0.0000E+00  0.0000E+00
  12    0.0000E+00  0.0000E+00  0.0000E+00  0.0000E+00  0.0000E+00  0.0000E+00
  13    0.0000E+00  0.0000E+00  0.0000E+00  0.0000E+00  0.0000E+00  0.0000E+00
  14    1.3671E-04  1.4995E-04  1.5987E-04  1.6710E-04  1.7224E-04  1.7586E-04
  15    6.7352E-04  7.6878E-04  8.4325E-04  8.9906E-04  9.3963E-04  9.6860E-04
  16    3.1401E-03  3.7873E-03  4.3233E-03  4.7420E-03  5.0554E-03  5.2839E-03
  17    1.3592E-02  1.7657E-02  2.1299E-02  2.4312E-02  2.6664E-02  2.8429E-02
  18    5.3413E-02  7.6437E-02  9.9312E-02  1.1979E-01  1.3672E-01  1.4996E-01
  19    1.8598E-01  3.0032E-01  4.2987E-01  5.5847E-01  6.7348E-01  7.6879E-01
  20    5.6132E-01  1.0457E+00  1.6891E+00  2.4176E+00  3.1399E+00  3.7875E+00
  21    1.4453E+00  3.1560E+00  5.8817E+00  9.4995E+00  1.3591E+01  1.7658E+01
  22    3.1560E+00  8.1247E+00  1.7750E+01  3.3073E+01  5.3386E+01  7.6413E+01
  23    5.8817E+00  1.7750E+01  4.5725E+01  9.9881E+01  1.8599E+02  3.0044E+02
  24    9.4995E+00  3.3073E+01  9.9881E+01  2.5726E+02  5.6150E+02  1.0465E+03
  25    1.3591E+01  5.3386E+01  1.8599E+02  5.6150E+02  1.4445E+03  3.1554E+03
  26    1.7658E+01  7.6413E+01  3.0044E+02  1.0465E+03  3.1554E+03  8.1279E+03
    2 -TE MATRIX EN,H IN ENPON,OPERATOR   14

           1           2           3           4           5           6           7           8           9          10
   1    3.6680E-01  4.6249E-01  5.0907E-01  4.9653E-01  4.3628E-01  3.5055E-01  2.6021E-01  1.7860E-01  1.1152E-01  5.9624E-02
   2    4.6249E-01  6.5735E-01  8.1111E-01  8.7584E-01  8.3674E-01  7.1569E-01  5.5255E-01  3.8402E-01  2.3330E-01  1.1000E-01
   3    5.0907E-01  8.1111E-01  1.1284E+00  1.3713E+00  1.4600E+00  1.3705E+00  1.1414E+00  8.4217E-01  5.3672E-01  2.6484E-01
   4    4.9653E-01  8.7584E-01  1.3713E+00  1.8955E+00  2.2980E+00  2.4394E+00  2.2745E+00  1.8680E+00  1.3399E+00  8.0100E-01
   5    4.3628E-01  8.3674E-01  1.4600E+00  2.2980E+00  3.2093E+00  3.9289E+00  4.2024E+00  3.9399E+00  3.2488E+00  2.3371E+00
   6    3.5055E-01  7.1569E-01  1.3705E+00  2.4394E+00  3.9289E+00  5.5906E+00  6.9418E+00  7.5126E+00  7.1290E+00  5.9715E+00
   7    2.6021E-01  5.5255E-01  1.1414E+00  2.2745E+00  4.2024E+00  6.9418E+00  1.0036E+01  1.2600E+01  1.3775E+01  1.3235E+01
   8    1.7860E-01  3.8402E-01  8.4217E-01  1.8680E+00  3.9399E+00  7.5126E+00  1.2600E+01  1.8356E+01  2.3176E+01  2.5510E+01
   9    1.1152E-01  2.3330E-01  5.3672E-01  1.3399E+00  3.2488E+00  7.1290E+00  1.3775E+01  2.3176E+01  3.3792E+01  4.2741E+01
  10    5.9624E-02  1.1000E-01  2.6484E-01  8.0100E-01  2.3371E+00  5.9715E+00  1.3235E+01  2.5510E+01  4.2741E+01  6.2161E+01
  11    2.1110E-02  1.4995E-02  4.3284E-02  3.2190E-01  1.4016E+00  4.4093E+00  1.1295E+01  2.4759E+01  4.7223E+01  7.8569E+01
  12   -6.6745E-03 -5.5307E-02 -1.2698E-01 -6.8168E-02  5.6800E-01  2.7928E+00  8.6133E+00  2.1484E+01  4.6171E+01  8.6969E+01
  13   -2.6396E-02 -1.0608E-01 -2.5315E-01 -3.6868E-01 -1.1374E-01  1.3419E+00  5.8052E+00  1.6840E+01  4.0565E+01  8.5454E+01
  14    1.1048E-02  1.8866E-02  2.8392E-02  3.8478E-02  4.7999E-02  5.6214E-02  6.2838E-02  6.7920E-02  7.1680E-02  7.4395E-02
  15    1.8866E-02  3.4896E-02  5.6390E-02  8.1161E-02  1.0629E-01  1.2927E-01  1.4867E-01  1.6407E-01  1.7576E-01  1.8435E-01
  16    2.8392E-02  5.6390E-02  9.7466E-02  1.4908E-01  2.0579E-01  2.6144E-01  3.1125E-01  3.5270E-01  3.8532E-01  4.0995E-01
  17    3.8478E-02  8.1161E-02  1.4908E-01  2.4206E-01  3.5358E-01  4.7273E-01  5.8799E-01  6.9045E-01  7.7548E-01  8.4238E-01
  18    4.7999E-02  1.0629E-01  2.0579E-01  3.5358E-01  5.4802E-01  7.7732E-01  1.0217E+00  1.2588E+00  1.4707E+00  1.6474E+00
  19    5.6214E-02  1.2927E-01  2.6144E-01  4.7273E-01  7.7732E-01  1.1764E+00  1.6510E+00  2.1620E+00  2.6617E+00  3.1106E+00
  20    6.2838E-02  1.4867E-01  3.1125E-01  5.8799E-01  1.0217E+00  1.6510E+00  2.4878E+00  3.4933E+00  4.5792E+00  5.6401E+00
  21    6.7920E-02  1.6407E-01  3.5270E-01  6.9045E-01  1.2588E+00  2.1620E+00  3.4933E+00  5.2709E+00  7.3926E+00  9.6581E+00
  22    7.1680E-02  1.7576E-01  3.8532E-01  7.7548E-01  1.4707E+00  2.6617E+00  4.5792E+00  7.3926E+00  1.1082E+01  1.5388E+01
  23    7.4395E-02  1.8435E-01  4.0995E-01  8.4238E-01  1.6474E+00  3.1106E+00  5.6401E+00  9.6581E+00  1.5388E+01  2.2664E+01
  24    7.6318E-02  1.9052E-01  4.2797E-01  8.9285E-01  1.7867E+00  3.4855E+00  6.5883E+00  1.1841E+01  1.9879E+01  3.0884E+01
  25    7.7663E-02  1.9487E-01  4.4086E-01  9.2977E-01  1.8921E+00  3.7814E+00  7.3763E+00  1.3766E+01  2.4117E+01  3.9216E+01
  26    7.8598E-02  1.9791E-01  4.4997E-01  9.5624E-01  1.9694E+00  4.0055E+00  7.9970E+00  1.5355E+01  2.7807E+01  4.6921E+01

          11          12          13          14          15          16          17          18          19          20
   1    2.1110E-02 -6.6745E-03 -2.6396E-02  1.1048E-02  1.8866E-02  2.8392E-02  3.8478E-02  4.7999E-02  5.6214E-02  6.2838E-02
   2    1.4995E-02 -5.5307E-02 -1.0608E-01  1.8866E-02  3.4896E-02  5.6390E-02  8.1161E-02  1.0629E-01  1.2927E-01  1.4867E-01
   3    4.3284E-02 -1.2698E-01 -2.5315E-01  2.8392E-02  5.6390E-02  9.7466E-02  1.4908E-01  2.0579E-01  2.6144E-01  3.1125E-01
   4    3.2190E-01 -6.8168E-02 -3.6868E-01  3.8478E-02  8.1161E-02  1.4908E-01  2.4206E-01  3.5358E-01  4.7273E-01  5.8799E-01
   5    1.4016E+00  5.6800E-01 -1.1374E-01  4.7999E-02  1.0629E-01  2.0579E-01  3.5358E-01  5.4802E-01  7.7732E-01  1.0217E+00
   6    4.4093E+00  2.7928E+00  1.3419E+00  5.6214E-02  1.2927E-01  2.6144E-01  4.7273E-01  7.7732E-01  1.1764E+00  1.6510E+00
   7    1.1295E+01  8.6133E+00  5.8052E+00  6.2838E-02  1.4867E-01  3.1125E-01  5.8799E-01  1.0217E+00  1.6510E+00  2.4878E+00
   8    2.4759E+01  2.1484E+01  1.6840E+01  6.7920E-02  1.6407E-01  3.5270E-01  6.9045E-01  1.2588E+00  2.1620E+00  3.4933E+00
   9    4.7223E+01  4.6171E+01  4.0565E+01  7.1680E-02  1.7576E-01  3.8532E-01  7.7548E-01  1.4707E+00  2.6617E+00  4.5792E+00
  10    7.8569E+01  8.6969E+01  8.5454E+01  7.4395E-02  1.8435E-01  4.0995E-01  8.4238E-01  1.6474E+00  3.1106E+00  5.6401E+00
  11    1.1377E+02  1.4352E+02  1.5900E+02  7.6318E-02  1.9052E-01  4.2797E-01  8.9285E-01  1.7867E+00  3.4855E+00  6.5883E+00
  12    1.4352E+02  2.0679E+02  2.6039E+02  7.7663E-02  1.9487E-01  4.4086E-01  9.2977E-01  1.8921E+00  3.7814E+00  7.3763E+00
  13    1.5900E+02  2.6039E+02  3.7387E+02  7.8598E-02  1.9791E-01  4.4997E-01  9.5624E-01  1.9694E+00  4.0055E+00  7.9970E+00
  14    7.6318E-02  7.7663E-02  7.8598E-02  4.0893E-02  7.4060E-02  1.1416E-01  1.5371E-01  1.8638E-01  2.0970E-01  2.2454E-01
  15    1.9052E-01  1.9487E-01  1.9791E-01  7.4060E-02  1.5287E-01  2.6569E-01  3.9485E-01  5.1410E-01  6.0403E-01  6.5985E-01
  16    4.2797E-01  4.4086E-01  4.4997E-01  1.1416E-01  2.6569E-01  5.2295E-01  8.7358E-01  1.2532E+00  1.5762E+00  1.7868E+00
  17    8.9285E-01  9.2977E-01  9.5624E-01  1.5371E-01  3.9485E-01  8.7358E-01  1.6587E+00  2.6971E+00  3.7735E+00  4.6129E+00
  18    1.7867E+00  1.8921E+00  1.9694E+00  1.8638E-01  5.1410E-01  1.2532E+00  2.6971E+00  5.0705E+00  8.2153E+00  1.1421E+01
  19    3.4855E+00  3.7814E+00  4.0055E+00  2.0970E-01  6.0403E-01  1.5762E+00  3.7735E+00  8.2153E+00  1.5810E+01  2.6155E+01
  20    6.5883E+00  7.3763E+00  7.9970E+00  2.2454E-01  6.5985E-01  1.7868E+00  4.6129E+00  1.1421E+01  2.6155E+01  5.2627E+01
  21    1.1841E+01  1.3766E+01  1.5355E+01  2.3322E-01  6.8786E-01  1.8808E+00  5.0491E+00  1.3753E+01  3.6772E+01  8.9734E+01
  22    1.9879E+01  2.4117E+01  2.7807E+01  2.3799E-01  6.9795E-01  1.8892E+00  5.0942E+00  1.4658E+01  4.4263E+01  1.2829E+02
  23    3.0884E+01  3.9216E+01  4.6921E+01  2.4051E-01  6.9857E-01  1.8508E+00  4.8758E+00  1.4212E+01  4.6573E+01  1.5543E+02
  24    4.4296E+01  5.8900E+01  7.3298E+01  2.4181E-01  6.9521E-01  1.7956E+00  4.5389E+00  1.2903E+01  4.3993E+01  1.6318E+02
  25    5.8900E+01  8.1833E+01  1.0593E+02  2.4247E-01  6.9084E-01  1.7410E+00  4.1886E+00  1.1266E+01  3.8350E+01  1.5260E+02
  26    7.3298E+01  1.0593E+02  1.4235E+02  2.4280E-01  6.8677E-01  1.6945E+00  3.8794E+00  9.6717E+00  3.1621E+01  1.3049E+02

          21          22          23          24          25          26
   1    6.7920E-02  7.1680E-02  7.4395E-02  7.6318E-02  7.7663E-02  7.8598E-02
   2    1.6407E-01  1.7576E-01  1.8435E-01  1.9052E-01  1.9487E-01  1.9791E-01
   3    3.5270E-01  3.8532E-01  4.0995E-01  4.2797E-01  4.4086E-01  4.4997E-01
   4    6.9045E-01  7.7548E-01  8.4238E-01  8.9285E-01  9.2977E-01  9.5624E-01
   5    1.2588E+00  1.4707E+00  1.6474E+00  1.7867E+00  1.8921E+00  1.9694E+00
   6    2.1620E+00  2.6617E+00  3.1106E+00  3.4855E+00  3.7814E+00  4.0055E+00
   7    3.4933E+00  4.5792E+00  5.6401E+00  6.5883E+00  7.3763E+00  7.9970E+00
   8    5.2709E+00  7.3926E+00  9.6581E+00  1.1841E+01  1.3766E+01  1.5355E+01
   9    7.3926E+00  1.1082E+01  1.5388E+01  1.9879E+01  2.4117E+01  2.7807E+01
  10    9.6581E+00  1.5388E+01  2.2664E+01  3.0884E+01  3.9216E+01  4.6921E+01
  11    1.1841E+01  1.9879E+01  3.0884E+01  4.4296E+01  5.8900E+01  7.3298E+01
  12    1.3766E+01  2.4117E+01  3.9216E+01  5.8900E+01  8.1833E+01  1.0593E+02
  13    1.5355E+01  2.7807E+01  4.6921E+01  7.3298E+01  1.0593E+02  1.4235E+02
  14    2.3322E-01  2.3799E-01  2.4051E-01  2.4181E-01  2.4247E-01  2.4280E-01
  15    6.8786E-01  6.9795E-01  6.9857E-01  6.9521E-01  6.9084E-01  6.8677E-01
  16    1.8808E+00  1.8892E+00  1.8508E+00  1.7956E+00  1.7410E+00  1.6945E+00
  17    5.0491E+00  5.0942E+00  4.8758E+00  4.5389E+00  4.1886E+00  3.8794E+00
  18    1.3753E+01  1.4658E+01  1.4212E+01  1.2903E+01  1.1266E+01  9.6717E+00
  19    3.6772E+01  4.4263E+01  4.6573E+01  4.3993E+01  3.8350E+01  3.1621E+01
  20    8.9734E+01  1.2829E+02  1.5543E+02  1.6318E+02  1.5260E+02  1.3049E+02
  21    1.8796E+02  3.2777E+02  4.7429E+02  5.7774E+02  6.0750E+02  5.6725E+02
  22    3.2777E+02  7.0228E+02  1.2385E+03  1.8015E+03  2.2003E+03  2.3176E+03
  23    4.7429E+02  1.2385E+03  2.6787E+03  4.7413E+03  6.9073E+03  8.4492E+03
  24    5.7774E+02  1.8015E+03  4.7413E+03  1.0277E+04  1.8196E+04  2.6535E+04
  25    6.0750E+02  2.2003E+03  6.9073E+03  1.8196E+04  3.9407E+04  6.9808E+04
  26    5.6725E+02  2.3176E+03  8.4492E+03  2.6535E+04  6.9808E+04  1.5130E+05
 OPW  0.37156E-03 0.96984E-03 0.25314E-02 0.66073E-02 0.17247E-01 0.45016E-01 0.11750E+00 0.30668E+00 0.80033E+00 0.20899E+01
 OPW  0.54565E+01 0.14230E+02 0.37156E+02
 OPW  0.38521E+00 0.68501E+00 0.12181E+01 0.21662E+01 0.38522E+01 0.68501E+01 0.12181E+02 0.21662E+02 0.38516E+02 0.68510E+02
 OPW  0.12185E+03 0.21657E+03 0.38521E+03
 OPW  0.81279E-05 0.45707E-04 0.25702E-03 0.14453E-02 0.81285E-02 0.45707E-01 0.25703E+00 0.14453E+01 0.81247E+01 0.45725E+02
 OPW  0.25726E+03 0.14445E+04 0.81279E+04
 OPW  0.15168E-01 0.58111E-01 0.22263E+00 0.85292E+00 0.32679E+01 0.12519E+02 0.47964E+02 0.18375E+03 0.70380E+03 0.26981E+04
 OPW  0.10341E+05 0.39571E+05 0.15168E+06


 DER  1 TE PARAMETERSATZ DER   1 TEN STRUKTUR = /   1 ) LIEFERT
 KINETISCHE ENERGIE =      1036.7288531
 COULOMB ENERGIE=             0.0000000
 ZENTRAL ENERGIE=           358.4105097
 L-QUADRAT    =             371.4817967
 LS**2 SKALAR  =             91.9284104
 SPINBAHN ENERGIE =        -377.9490145
 LS**2 VEKTOR   =           -34.4731528
 TENSOR ENERGIE =           -33.5917875
 LS**2 TENSOR   =            11.4910501
 ISO-TENSOR SKA =          -436.8755768
 ISO-TENSOR TEN =             0.0288402
 CHARGE ASYMMET =             0.0000000
 GESAMTE     ENERGIE =     987.1799287



 DER  2 TE PARAMETERSATZ DER   1 TEN STRUKTUR = /   2 ) LIEFERT
 KINETISCHE ENERGIE =       706.3130003
 COULOMB ENERGIE=             0.0000000
 ZENTRAL ENERGIE=           197.2168553
 L-QUADRAT    =             289.5978885
 LS**2 SKALAR  =             84.1702956
 SPINBAHN ENERGIE =        -308.1449825
 LS**2 VEKTOR   =           -31.5638599
 TENSOR ENERGIE =           -30.9574196
 LS**2 TENSOR   =            10.5212859
 ISO-TENSOR SKA =          -239.4026578
 ISO-TENSOR TEN =             0.0359361
 CHARGE ASYMMET =             0.0000000
 GESAMTE     ENERGIE =     677.7863418



 DER  3 TE PARAMETERSATZ DER   1 TEN STRUKTUR = /   3 ) LIEFERT
 KINETISCHE ENERGIE =       481.2080644
 COULOMB ENERGIE=             0.0000000
 ZENTRAL ENERGIE=            86.0509680
 L-QUADRAT    =             207.2460875
 LS**2 SKALAR  =             69.2234495
 SPINBAHN ENERGIE =        -231.6562171
 LS**2 VEKTOR   =           -25.9587928
 TENSOR ENERGIE =           -25.7966363
 LS**2 TENSOR   =             8.6529303
 ISO-TENSOR SKA =          -123.2478151
 ISO-TENSOR TEN =             0.0422908
 CHARGE ASYMMET =             0.0000000
 GESAMTE     ENERGIE =     445.7643294



 DER  4 TE PARAMETERSATZ DER   1 TEN STRUKTUR = /   4 ) LIEFERT
 KINETISCHE ENERGIE =       327.8447652
 COULOMB ENERGIE=             0.0000000
 ZENTRAL ENERGIE=            24.2633797
 L-QUADRAT    =             134.8099140
 LS**2 SKALAR  =             50.7888309
 SPINBAHN ENERGIE =        -159.0879359
 LS**2 VEKTOR   =           -19.0458110
 TENSOR ENERGIE =           -19.4085922
 LS**2 TENSOR   =             6.3486032
 ISO-TENSOR SKA =           -59.6758795
 ISO-TENSOR TEN =             0.0464873
 CHARGE ASYMMET =             0.0000000
 GESAMTE     ENERGIE =     286.8837617



 DER  5 TE PARAMETERSATZ DER   1 TEN STRUKTUR = /   5 ) LIEFERT
 KINETISCHE ENERGIE =       223.3528641
 COULOMB ENERGIE=             0.0000000
 ZENTRAL ENERGIE=            -1.5606102
 L-QUADRAT    =              79.3549300
 LS**2 SKALAR  =             33.2549434
 SPINBAHN ENERGIE =         -99.4527504
 LS**2 VEKTOR   =           -12.4706034
 TENSOR ENERGIE =           -13.3035078
 LS**2 TENSOR   =             4.1568675
 ISO-TENSOR SKA =           -27.2997579
 ISO-TENSOR TEN =             0.0473673
 CHARGE ASYMMET =             0.0000000
 GESAMTE     ENERGIE =     186.0797426



 DER  6 TE PARAMETERSATZ DER   1 TEN STRUKTUR = /   6 ) LIEFERT
 KINETISCHE ENERGIE =       152.1710611
 COULOMB ENERGIE=             0.0000000
 ZENTRAL ENERGIE=            -7.9486002
 L-QUADRAT    =              42.3299553
 LS**2 SKALAR  =             19.5786647
 SPINBAHN ENERGIE =         -56.7373128
 LS**2 VEKTOR   =            -7.3419990
 TENSOR ENERGIE =            -8.4649825
 LS**2 TENSOR   =             2.4473328
 ISO-TENSOR SKA =           -11.8863455
 ISO-TENSOR TEN =             0.0446534
 CHARGE ASYMMET =             0.0000000
 GESAMTE     ENERGIE =     124.1924273



 DER  7 TE PARAMETERSATZ DER   1 TEN STRUKTUR = /   7 ) LIEFERT
 KINETISCHE ENERGIE =       103.6728853
 COULOMB ENERGIE=             0.0000000
 ZENTRAL ENERGIE=            -6.9314017
 L-QUADRAT    =              20.5954386
 LS**2 SKALAR  =             10.5003283
 SPINBAHN ENERGIE =         -29.7551473
 LS**2 VEKTOR   =            -3.9376230
 TENSOR ENERGIE =            -5.1179046
 LS**2 TENSOR   =             1.3125409
 ISO-TENSOR SKA =            -4.9666055
 ISO-TENSOR TEN =             0.0391052
 CHARGE ASYMMET =             0.0000000
 GESAMTE     ENERGIE =      85.4116163



 DER  8 TE PARAMETERSATZ DER   1 TEN STRUKTUR = /   8 ) LIEFERT
 KINETISCHE ENERGIE =        70.6323368
 COULOMB ENERGIE=             0.0000000
 ZENTRAL ENERGIE=            -4.4547057
 L-QUADRAT    =               9.2444950
 LS**2 SKALAR  =              5.2148931
 SPINBAHN ENERGIE =         -14.5018305
 LS**2 VEKTOR   =            -1.9555849
 TENSOR ENERGIE =            -3.0014680
 LS**2 TENSOR   =             0.6518616
 ISO-TENSOR SKA =            -2.0087968
 ISO-TENSOR TEN =             0.0320591
 CHARGE ASYMMET =             0.0000000
 GESAMTE     ENERGIE =      59.8532597



 DER  9 TE PARAMETERSATZ DER   1 TEN STRUKTUR = /   9 ) LIEFERT
 KINETISCHE ENERGIE =        48.1249534
 COULOMB ENERGIE=             0.0000000
 ZENTRAL ENERGIE=            -2.4712593
 L-QUADRAT    =               3.8867946
 LS**2 SKALAR  =              2.4395762
 SPINBAHN ENERGIE =          -6.6517197
 LS**2 VEKTOR   =            -0.9148410
 TENSOR ENERGIE =            -1.7273179
 LS**2 TENSOR   =             0.3049470
 ISO-TENSOR SKA =            -0.7929889
 ISO-TENSOR TEN =             0.0247959
 CHARGE ASYMMET =             0.0000000
 GESAMTE     ENERGIE =      42.2229401



 DER 10 TE PARAMETERSATZ DER   1 TEN STRUKTUR = /  10 ) LIEFERT
 KINETISCHE ENERGIE =        32.7813663
 COULOMB ENERGIE=             0.0000000
 ZENTRAL ENERGIE=            -1.2408029
 L-QUADRAT    =               1.5558881
 LS**2 SKALAR  =              1.0905768
 SPINBAHN ENERGIE =          -2.9055505
 LS**2 VEKTOR   =            -0.4089663
 TENSOR ENERGIE =            -0.9761155
 LS**2 TENSOR   =             0.1363221
 ISO-TENSOR SKA =            -0.3074841
 ISO-TENSOR TEN =             0.0181866
 CHARGE ASYMMET =             0.0000000
 GESAMTE     ENERGIE =      29.7434206



 DER 11 TE PARAMETERSATZ DER   1 TEN STRUKTUR = /  11 ) LIEFERT
 KINETISCHE ENERGIE =        22.3311395
 COULOMB ENERGIE=             0.0000000
 ZENTRAL ENERGIE=            -0.5706958
 L-QUADRAT    =               0.6033553
 LS**2 SKALAR  =              0.4715963
 SPINBAHN ENERGIE =          -1.2231941
 LS**2 VEKTOR   =            -0.1768486
 TENSOR ENERGIE =            -0.5391338
 LS**2 TENSOR   =             0.0589495
 ISO-TENSOR SKA =            -0.1178541
 ISO-TENSOR TEN =             0.0126816
 CHARGE ASYMMET =             0.0000000
 GESAMTE     ENERGIE =      20.8499958



 DER 12 TE PARAMETERSATZ DER   1 TEN STRUKTUR = /  12 ) LIEFERT
 KINETISCHE ENERGIE =        15.2191796
 COULOMB ENERGIE=             0.0000000
 ZENTRAL ENERGIE=            -0.2397643
 L-QUADRAT    =               0.2300689
 LS**2 SKALAR  =              0.1989904
 SPINBAHN ENERGIE =          -0.5014842
 LS**2 VEKTOR   =            -0.0746214
 TENSOR ENERGIE =            -0.2893456
 LS**2 TENSOR   =             0.0248738
 ISO-TENSOR SKA =            -0.0448524
 ISO-TENSOR TEN =             0.0084091
 CHARGE ASYMMET =             0.0000000
 GESAMTE     ENERGIE =      14.5314539



 DER 13 TE PARAMETERSATZ DER   1 TEN STRUKTUR = /  13 ) LIEFERT
 KINETISCHE ENERGIE =        10.3672885
 COULOMB ENERGIE=             0.0000000
 ZENTRAL ENERGIE=            -0.0908174
 L-QUADRAT    =               0.0869304
 LS**2 SKALAR  =              0.0821622
 SPINBAHN ENERGIE =          -0.2012983
 LS**2 VEKTOR   =            -0.0308108
 TENSOR ENERGIE =            -0.1498916
 LS**2 TENSOR   =             0.0102703
 ISO-TENSOR SKA =            -0.0169377
 ISO-TENSOR TEN =             0.0052874
 CHARGE ASYMMET =             0.0000000
 GESAMTE     ENERGIE =      10.0621831



 DER  1 TE PARAMETERSATZ DER   2 TEN STRUKTUR = /  14 ) LIEFERT
 KINETISCHE ENERGIE =      1866.1119355
 COULOMB ENERGIE=             0.0000000
 ZENTRAL ENERGIE=            60.3922356
 L-QUADRAT    =            1342.6458403
 LS**2 SKALAR  =            473.8271698
 SPINBAHN ENERGIE =        1012.0895176
 LS**2 VEKTOR   =           118.4567888
 TENSOR ENERGIE =          -116.7379418
 LS**2 TENSOR   =           355.3703405
 ISO-TENSOR SKA =           -81.1037927
 ISO-TENSOR TEN =             0.1670780
 CHARGE ASYMMET =             0.0000000
 GESAMTE     ENERGIE =    5031.2191716



 DER  2 TE PARAMETERSATZ DER   2 TEN STRUKTUR = /  15 ) LIEFERT
 KINETISCHE ENERGIE =      1271.3634005
 COULOMB ENERGIE=             0.0000000
 ZENTRAL ENERGIE=            -8.4681478
 L-QUADRAT    =             835.3213019
 LS**2 SKALAR  =            343.9933566
 SPINBAHN ENERGIE =         676.3371694
 LS**2 VEKTOR   =            85.9983365
 TENSOR ENERGIE =           -86.7546605
 LS**2 TENSOR   =           257.9949907
 ISO-TENSOR SKA =           -31.4869061
 ISO-TENSOR TEN =             0.1912088
 CHARGE ASYMMET =             0.0000000
 GESAMTE     ENERGIE =    3344.4900501



 DER  3 TE PARAMETERSATZ DER   2 TEN STRUKTUR = /  16 ) LIEFERT
 KINETISCHE ENERGIE =       866.1745160
 COULOMB ENERGIE=             0.0000000
 ZENTRAL ENERGIE=           -26.6784906
 L-QUADRAT    =             444.2999088
 LS**2 SKALAR  =            211.7774291
 SPINBAHN ENERGIE =         393.7417881
 LS**2 VEKTOR   =            52.9443556
 TENSOR ENERGIE =           -56.1679584
 LS**2 TENSOR   =           158.8330554
 ISO-TENSOR SKA =           -10.4880525
 ISO-TENSOR TEN =             0.2018075
 CHARGE ASYMMET =             0.0000000
 GESAMTE     ENERGIE =    2034.6383589



 DER  4 TE PARAMETERSATZ DER   2 TEN STRUKTUR = /  17 ) LIEFERT
 KINETISCHE ENERGIE =       590.1205774
 COULOMB ENERGIE=             0.0000000
 ZENTRAL ENERGIE=           -20.8497814
 L-QUADRAT    =             196.9979483
 LS**2 SKALAR  =            109.6169967
 SPINBAHN ENERGIE =         197.3178581
 LS**2 VEKTOR   =            27.4042483
 TENSOR ENERGIE =           -32.4092526
 LS**2 TENSOR   =            82.2127390
 ISO-TENSOR SKA =            -2.9426292
 ISO-TENSOR TEN =             0.1945240
 CHARGE ASYMMET =             0.0000000
 GESAMTE     ENERGIE =    1147.6632287



 DER  5 TE PARAMETERSATZ DER   2 TEN STRUKTUR = /  18 ) LIEFERT
 KINETISCHE ENERGIE =       402.0351554
 COULOMB ENERGIE=             0.0000000
 ZENTRAL ENERGIE=           -11.0854657
 L-QUADRAT    =              70.4651437
 LS**2 SKALAR  =             47.8675552
 SPINBAHN ENERGIE =          84.6956413
 LS**2 VEKTOR   =            11.9668884
 TENSOR ENERGIE =           -17.5555128
 LS**2 TENSOR   =            35.9006627
 ISO-TENSOR SKA =            -0.6640215
 ISO-TENSOR TEN =             0.1711305
 CHARGE ASYMMET =             0.0000000
 GESAMTE     ENERGIE =     623.7971772



 DER  6 TE PARAMETERSATZ DER   2 TEN STRUKTUR = /  19 ) LIEFERT
 KINETISCHE ENERGIE =       273.9079099
 COULOMB ENERGIE=             0.0000000
 ZENTRAL ENERGIE=            -4.8184216
 L-QUADRAT    =              19.0709939
 LS**2 SKALAR  =             17.9789137
 SPINBAHN ENERGIE =          31.2160322
 LS**2 VEKTOR   =             4.4947283
 TENSOR ENERGIE =            -9.4815287
 LS**2 TENSOR   =            13.4841839
 ISO-TENSOR SKA =            -0.0987835
 ISO-TENSOR TEN =             0.1387248
 CHARGE ASYMMET =             0.0000000
 GESAMTE     ENERGIE =     345.8927529



 DER  7 TE PARAMETERSATZ DER   2 TEN STRUKTUR = /  20 ) LIEFERT
 KINETISCHE ENERGIE =       186.6111936
 COULOMB ENERGIE=             0.0000000
 ZENTRAL ENERGIE=            -1.9197190
 L-QUADRAT    =               3.1638569
 LS**2 SKALAR  =              6.0322926
 SPINBAHN ENERGIE =           9.9744403
 LS**2 VEKTOR   =             1.5080731
 TENSOR ENERGIE =            -5.2502039
 LS**2 TENSOR   =             4.5242190
 ISO-TENSOR SKA =             0.0048855
 ISO-TENSOR TEN =             0.1051024
 CHARGE ASYMMET =             0.0000000
 GESAMTE     ENERGIE =     204.7541404



 DER  8 TE PARAMETERSATZ DER   2 TEN STRUKTUR = /  21 ) LIEFERT
 KINETISCHE ENERGIE =       127.1382062
 COULOMB ENERGIE=             0.0000000
 ZENTRAL ENERGIE=            -0.7278415
 L-QUADRAT    =              -0.1513987
 LS**2 SKALAR  =              1.9107410
 SPINBAHN ENERGIE =           2.8078593
 LS**2 VEKTOR   =             0.4776852
 TENSOR ENERGIE =            -2.9232846
 LS**2 TENSOR   =             1.4330556
 ISO-TENSOR SKA =             0.0110739
 ISO-TENSOR TEN =             0.0752123
 CHARGE ASYMMET =             0.0000000
 GESAMTE     ENERGIE =     130.0513087



 DER  9 TE PARAMETERSATZ DER   2 TEN STRUKTUR = /  22 ) LIEFERT
 KINETISCHE ENERGIE =        86.6249160
 COULOMB ENERGIE=             0.0000000
 ZENTRAL ENERGIE=            -0.2397895
 L-QUADRAT    =              -0.3429180
 LS**2 SKALAR  =              0.6030896
 SPINBAHN ENERGIE =           0.7101942
 LS**2 VEKTOR   =             0.1507724
 TENSOR ENERGIE =            -1.5777212
 LS**2 TENSOR   =             0.4523172
 ISO-TENSOR SKA =             0.0055745
 ISO-TENSOR TEN =             0.0510047
 CHARGE ASYMMET =             0.0000000
 GESAMTE     ENERGIE =      86.4374399



 DER 10 TE PARAMETERSATZ DER   2 TEN STRUKTUR = /  23 ) LIEFERT
 KINETISCHE ENERGIE =        59.0064594
 COULOMB ENERGIE=             0.0000000
 ZENTRAL ENERGIE=            -0.0498485
 L-QUADRAT    =              -0.1529059
 LS**2 SKALAR  =              0.1926791
 SPINBAHN ENERGIE =           0.1644323
 LS**2 VEKTOR   =             0.0481698
 TENSOR ENERGIE =            -0.8050655
 LS**2 TENSOR   =             0.1445093
 ISO-TENSOR SKA =             0.0022159
 ISO-TENSOR TEN =             0.0326695
 CHARGE ASYMMET =             0.0000000
 GESAMTE     ENERGIE =      58.5833155



 DER 11 TE PARAMETERSATZ DER   2 TEN STRUKTUR = /  24 ) LIEFERT
 KINETISCHE ENERGIE =        40.1960511
 COULOMB ENERGIE=             0.0000000
 ZENTRAL ENERGIE=             0.0082755
 L-QUADRAT    =              -0.0480033
 LS**2 SKALAR  =              0.0604457
 SPINBAHN ENERGIE =           0.0355318
 LS**2 VEKTOR   =             0.0151114
 TENSOR ENERGIE =            -0.3843550
 LS**2 TENSOR   =             0.0453343
 ISO-TENSOR SKA =             0.0008706
 ISO-TENSOR TEN =             0.0196339
 CHARGE ASYMMET =             0.0000000
 GESAMTE     ENERGIE =      39.9488959



 DER 12 TE PARAMETERSATZ DER   2 TEN STRUKTUR = /  25 ) LIEFERT
 KINETISCHE ENERGIE =        27.3945232
 COULOMB ENERGIE=             0.0000000
 ZENTRAL ENERGIE=             0.0156149
 L-QUADRAT    =              -0.0125038
 LS**2 SKALAR  =              0.0178298
 SPINBAHN ENERGIE =           0.0072919
 LS**2 VEKTOR   =             0.0044575
 TENSOR ENERGIE =            -0.1709365
 LS**2 TENSOR   =             0.0133724
 ISO-TENSOR SKA =             0.0003679
 ISO-TENSOR TEN =             0.0109795
 CHARGE ASYMMET =             0.0000000
 GESAMTE     ENERGIE =      27.2809968



 DER 13 TE PARAMETERSATZ DER   2 TEN STRUKTUR = /  26 ) LIEFERT
 KINETISCHE ENERGIE =        18.6611194
 COULOMB ENERGIE=             0.0000000
 ZENTRAL ENERGIE=             0.0098965
 L-QUADRAT    =              -0.0028821
 LS**2 SKALAR  =              0.0048044
 SPINBAHN ENERGIE =           0.0014345
 LS**2 VEKTOR   =             0.0012011
 TENSOR ENERGIE =            -0.0704724
 LS**2 TENSOR   =             0.0036033
 ISO-TENSOR SKA =             0.0001596
 ISO-TENSOR TEN =             0.0056499
 CHARGE ASYMMET =             0.0000000
 GESAMTE     ENERGIE =      18.6145142

 VOR ORTHO H

           1           2           3           4           5           6           7           8           9          10
   1    3.6680E-01  4.6249E-01  5.0907E-01  4.9653E-01  4.3628E-01  3.5055E-01  2.6021E-01  1.7860E-01  1.1152E-01  5.9624E-02
   2    4.6249E-01  6.5735E-01  8.1111E-01  8.7584E-01  8.3674E-01  7.1569E-01  5.5255E-01  3.8402E-01  2.3330E-01  1.1000E-01
   3    5.0907E-01  8.1111E-01  1.1284E+00  1.3713E+00  1.4600E+00  1.3705E+00  1.1414E+00  8.4217E-01  5.3672E-01  2.6484E-01
   4    4.9653E-01  8.7584E-01  1.3713E+00  1.8955E+00  2.2980E+00  2.4394E+00  2.2745E+00  1.8680E+00  1.3399E+00  8.0100E-01
   5    4.3628E-01  8.3674E-01  1.4600E+00  2.2980E+00  3.2093E+00  3.9289E+00  4.2024E+00  3.9399E+00  3.2488E+00  2.3371E+00
   6    3.5055E-01  7.1569E-01  1.3705E+00  2.4394E+00  3.9289E+00  5.5906E+00  6.9418E+00  7.5126E+00  7.1290E+00  5.9715E+00
   7    2.6021E-01  5.5255E-01  1.1414E+00  2.2745E+00  4.2024E+00  6.9418E+00  1.0036E+01  1.2600E+01  1.3775E+01  1.3235E+01
   8    1.7860E-01  3.8402E-01  8.4217E-01  1.8680E+00  3.9399E+00  7.5126E+00  1.2600E+01  1.8356E+01  2.3176E+01  2.5510E+01
   9    1.1152E-01  2.3330E-01  5.3672E-01  1.3399E+00  3.2488E+00  7.1290E+00  1.3775E+01  2.3176E+01  3.3792E+01  4.2741E+01
  10    5.9624E-02  1.1000E-01  2.6484E-01  8.0100E-01  2.3371E+00  5.9715E+00  1.3235E+01  2.5510E+01  4.2741E+01  6.2161E+01
  11    2.1110E-02  1.4995E-02  4.3284E-02  3.2190E-01  1.4016E+00  4.4093E+00  1.1295E+01  2.4759E+01  4.7223E+01  7.8569E+01
  12   -6.6745E-03 -5.5307E-02 -1.2698E-01 -6.8168E-02  5.6800E-01  2.7928E+00  8.6133E+00  2.1484E+01  4.6171E+01  8.6969E+01
  13   -2.6396E-02 -1.0608E-01 -2.5315E-01 -3.6868E-01 -1.1374E-01  1.3419E+00  5.8052E+00  1.6840E+01  4.0565E+01  8.5454E+01
  14    1.1048E-02  1.8866E-02  2.8392E-02  3.8478E-02  4.7999E-02  5.6214E-02  6.2838E-02  6.7920E-02  7.1680E-02  7.4395E-02
  15    1.8866E-02  3.4896E-02  5.6390E-02  8.1161E-02  1.0629E-01  1.2927E-01  1.4867E-01  1.6407E-01  1.7576E-01  1.8435E-01
  16    2.8392E-02  5.6390E-02  9.7466E-02  1.4908E-01  2.0579E-01  2.6144E-01  3.1125E-01  3.5270E-01  3.8532E-01  4.0995E-01
  17    3.8478E-02  8.1161E-02  1.4908E-01  2.4206E-01  3.5358E-01  4.7273E-01  5.8799E-01  6.9045E-01  7.7548E-01  8.4238E-01
  18    4.7999E-02  1.0629E-01  2.0579E-01  3.5358E-01  5.4802E-01  7.7732E-01  1.0217E+00  1.2588E+00  1.4707E+00  1.6474E+00
  19    5.6214E-02  1.2927E-01  2.6144E-01  4.7273E-01  7.7732E-01  1.1764E+00  1.6510E+00  2.1620E+00  2.6617E+00  3.1106E+00
  20    6.2838E-02  1.4867E-01  3.1125E-01  5.8799E-01  1.0217E+00  1.6510E+00  2.4878E+00  3.4933E+00  4.5792E+00  5.6401E+00
  21    6.7920E-02  1.6407E-01  3.5270E-01  6.9045E-01  1.2588E+00  2.1620E+00  3.4933E+00  5.2709E+00  7.3926E+00  9.6581E+00
  22    7.1680E-02  1.7576E-01  3.8532E-01  7.7548E-01  1.4707E+00  2.6617E+00  4.5792E+00  7.3926E+00  1.1082E+01  1.5388E+01
  23    7.4395E-02  1.8435E-01  4.0995E-01  8.4238E-01  1.6474E+00  3.1106E+00  5.6401E+00  9.6581E+00  1.5388E+01  2.2664E+01
  24    7.6318E-02  1.9052E-01  4.2797E-01  8.9285E-01  1.7867E+00  3.4855E+00  6.5883E+00  1.1841E+01  1.9879E+01  3.0884E+01
  25    7.7663E-02  1.9487E-01  4.4086E-01  9.2977E-01  1.8921E+00  3.7814E+00  7.3763E+00  1.3766E+01  2.4117E+01  3.9216E+01
  26    7.8598E-02  1.9791E-01  4.4997E-01  9.5624E-01  1.9694E+00  4.0055E+00  7.9970E+00  1.5355E+01  2.7807E+01  4.6921E+01

          11          12          13          14          15          16          17          18          19          20
   1    2.1110E-02 -6.6745E-03 -2.6396E-02  1.1048E-02  1.8866E-02  2.8392E-02  3.8478E-02  4.7999E-02  5.6214E-02  6.2838E-02
   2    1.4995E-02 -5.5307E-02 -1.0608E-01  1.8866E-02  3.4896E-02  5.6390E-02  8.1161E-02  1.0629E-01  1.2927E-01  1.4867E-01
   3    4.3284E-02 -1.2698E-01 -2.5315E-01  2.8392E-02  5.6390E-02  9.7466E-02  1.4908E-01  2.0579E-01  2.6144E-01  3.1125E-01
   4    3.2190E-01 -6.8168E-02 -3.6868E-01  3.8478E-02  8.1161E-02  1.4908E-01  2.4206E-01  3.5358E-01  4.7273E-01  5.8799E-01
   5    1.4016E+00  5.6800E-01 -1.1374E-01  4.7999E-02  1.0629E-01  2.0579E-01  3.5358E-01  5.4802E-01  7.7732E-01  1.0217E+00
   6    4.4093E+00  2.7928E+00  1.3419E+00  5.6214E-02  1.2927E-01  2.6144E-01  4.7273E-01  7.7732E-01  1.1764E+00  1.6510E+00
   7    1.1295E+01  8.6133E+00  5.8052E+00  6.2838E-02  1.4867E-01  3.1125E-01  5.8799E-01  1.0217E+00  1.6510E+00  2.4878E+00
   8    2.4759E+01  2.1484E+01  1.6840E+01  6.7920E-02  1.6407E-01  3.5270E-01  6.9045E-01  1.2588E+00  2.1620E+00  3.4933E+00
   9    4.7223E+01  4.6171E+01  4.0565E+01  7.1680E-02  1.7576E-01  3.8532E-01  7.7548E-01  1.4707E+00  2.6617E+00  4.5792E+00
  10    7.8569E+01  8.6969E+01  8.5454E+01  7.4395E-02  1.8435E-01  4.0995E-01  8.4238E-01  1.6474E+00  3.1106E+00  5.6401E+00
  11    1.1377E+02  1.4352E+02  1.5900E+02  7.6318E-02  1.9052E-01  4.2797E-01  8.9285E-01  1.7867E+00  3.4855E+00  6.5883E+00
