  DM-MATRIZEN WERDEN AUF MATOUTKOPIERT
  0.1000E+01  0.1000E+01  0.1000E+01  0.1000E+01  0.1000E+01  0.1000E+01  0.1000E+01
  0.1000E+01  0.1000E+01  0.1000E+01  0.1000E+01  0.1000E+01

     1
     1  1     1  0     1  1  0     0  0  0  0  0     0

     2
     1  1     1  0     1  1  2     0  0  0  0  0     0

     3
     1  1     1  0     1  1  0     0  0  0  1  1     0

     4
     1  1     1  0     1  1  2     0  0  0  1  1     0

     5
     1  1     1  0     1  1  0     0  0  0  2  2     0

     6
     1  1     1  0     1  1  2     0  0  0  2  2     0

     7
     1  1     1  0     1  1  0     0  0  0  3  3     0

     8
     1  1     1  0     1  1  2     0  0  0  3  3     0
 GESAMTDREHIMPULS =   0 /2  PARITAET = +


 OPERATOREN 
  1  1  1  1  0  1  1  1  1  1
  1  1  1  1
0/  1 ) =    1.0000 /  4 )
 BENUTZTE RADIALFUNKTIONEN    
  1  1  1  1  1  1  1  1  1  1  1  1  1  1
    1 -TE MATRIX EN,H IN ENPON,OPERATOR   14

           1           2           3           4           5           6           7           8           9          10
   1    1.1750E-06  2.0923E-06  3.1651E-06  4.1866E-06  5.0138E-06  5.6101E-06  6.0079E-06  6.2603E-06  6.4157E-06  6.5095E-06
   2    2.0923E-06  4.4356E-06  7.8984E-06  1.1948E-05  1.5805E-05  1.8927E-05  2.1179E-05  2.2680E-05  2.3633E-05  2.4219E-05
   3    3.1651E-06  7.8984E-06  1.6745E-05  2.9817E-05  4.5106E-05  5.9663E-05  7.1451E-05  7.9950E-05  8.5619E-05  8.9216E-05
   4    4.1866E-06  1.1948E-05  2.9817E-05  6.3212E-05  1.1256E-04  1.7028E-04  2.2523E-04  2.6973E-04  3.0182E-04  3.2321E-04
   5    5.0138E-06  1.5805E-05  4.5106E-05  1.1256E-04  2.3863E-04  4.2492E-04  6.4281E-04  8.5025E-04  1.0182E-03  1.1394E-03
   6    5.6101E-06  1.8927E-05  5.9663E-05  1.7028E-04  4.2492E-04  9.0085E-04  1.6041E-03  2.4266E-03  3.2098E-03  3.8440E-03
   7    6.0079E-06  2.1179E-05  7.1451E-05  2.2523E-04  6.4281E-04  1.6041E-03  3.4008E-03  6.0555E-03  9.1608E-03  1.2117E-02
   8    6.2603E-06  2.2680E-05  7.9950E-05  2.6973E-04  8.5025E-04  2.4266E-03  6.0555E-03  1.2837E-02  2.2860E-02  3.4580E-02
   9    6.4157E-06  2.3633E-05  8.5619E-05  3.0182E-04  1.0182E-03  3.2098E-03  9.1608E-03  2.2860E-02  4.8464E-02  8.6296E-02
  10    6.5095E-06  2.4219E-05  8.9216E-05  3.2321E-04  1.1394E-03  3.8440E-03  1.2117E-02  3.4580E-02  8.6296E-02  1.8294E-01
  11    6.5656E-06  2.4574E-05  9.1430E-05  3.3679E-04  1.2201E-03  4.3012E-03  1.4511E-02  4.5741E-02  1.3055E-01  3.2576E-01
  12    6.5989E-06  2.4785E-05  9.2767E-05  3.4515E-04  1.2714E-03  4.6063E-03  1.6238E-02  5.4780E-02  1.7269E-01  4.9283E-01
  13    6.6185E-06  2.4911E-05  9.3566E-05  3.5020E-04  1.3030E-03  4.7998E-03  1.7389E-02  6.1296E-02  2.0681E-01  6.5188E-01
  14    6.6301E-06  2.4985E-05  9.4040E-05  3.5322E-04  1.3220E-03  4.9189E-03  1.8119E-02  6.5640E-02  2.3140E-01  7.8063E-01

          11          12          13          14
   1    6.5656E-06  6.5989E-06  6.6185E-06  6.6301E-06
   2    2.4574E-05  2.4785E-05  2.4911E-05  2.4985E-05
   3    9.1430E-05  9.2767E-05  9.3566E-05  9.4040E-05
   4    3.3679E-04  3.4515E-04  3.5020E-04  3.5322E-04
   5    1.2201E-03  1.2714E-03  1.3030E-03  1.3220E-03
   6    4.3012E-03  4.6063E-03  4.7998E-03  4.9189E-03
   7    1.4511E-02  1.6238E-02  1.7389E-02  1.8119E-02
   8    4.5741E-02  5.4780E-02  6.1296E-02  6.5640E-02
   9    1.3055E-01  1.7269E-01  2.0681E-01  2.3140E-01
  10    3.2576E-01  4.9283E-01  6.5188E-01  7.8063E-01
  11    6.9062E-01  1.2299E+00  1.8606E+00  2.4608E+00
  12    1.2299E+00  2.6079E+00  4.6440E+00  7.0245E+00
  13    1.8606E+00  4.6440E+00  9.8462E+00  1.7531E+01
  14    2.4608E+00  7.0245E+00  1.7531E+01  3.7156E+01
    2 -TE MATRIX EN,H IN ENPON,OPERATOR   14

           1           2           3           4           5           6           7           8           9          10
   1    1.0560E-02  1.4131E-02  1.4958E-02  1.3037E-02  9.8151E-03  6.6571E-03  4.1862E-03  2.4728E-03  1.3636E-03  6.7364E-04
   2    1.4131E-02  2.5507E-02  3.6125E-02  4.1211E-02  4.0014E-02  3.5301E-02  3.0018E-02  2.5671E-02  2.2583E-02  2.0558E-02
   3    1.4958E-02  3.6125E-02  6.8424E-02  1.0177E-01  1.2339E-01  1.2963E-01  1.2581E-01  1.1861E-01  1.1187E-01  1.0681E-01
   4    1.3037E-02  4.1211E-02  1.0177E-01  1.9472E-01  2.9343E-01  3.6398E-01  3.9510E-01  3.9844E-01  3.8998E-01  3.7964E-01
   5    9.8151E-03  4.0014E-02  1.2339E-01  2.9343E-01  5.4327E-01  8.0102E-01  9.8340E-01  1.0661E+00  1.0794E+00  1.0628E+00
   6    6.6571E-03  3.5301E-02  1.2963E-01  3.6398E-01  8.0102E-01  1.3971E+00  1.9720E+00  2.3464E+00  2.4864E+00  2.4754E+00
   7    4.1862E-03  3.0018E-02  1.2581E-01  3.9510E-01  9.8340E-01  1.9720E+00  3.2090E+00  4.2998E+00  4.9052E+00  5.0091E+00
   8    2.4728E-03  2.5671E-02  1.1861E-01  3.9844E-01  1.0661E+00  2.3464E+00  4.2998E+00  6.5635E+00  8.3712E+00  9.1213E+00
   9    1.3636E-03  2.2583E-02  1.1187E-01  3.8998E-01  1.0794E+00  2.4864E+00  4.9052E+00  8.3712E+00  1.2218E+01  1.5025E+01
  10    6.7364E-04  2.0558E-02  1.0681E-01  3.7964E-01  1.0628E+00  2.4754E+00  5.0091E+00  9.1213E+00  1.5025E+01  2.1669E+01
  11    2.5436E-04  1.9290E-02  1.0341E-01  3.7121E-01  1.0405E+00  2.4076E+00  4.8253E+00  8.8742E+00  1.5685E+01  2.6314E+01
  12    3.0178E-06  1.8517E-02  1.0125E-01  3.6533E-01  1.0219E+00  2.3369E+00  4.5644E+00  8.1254E+00  1.4405E+01  2.6658E+01
  13   -1.4640E-04  1.8052E-02  9.9917E-02  3.6151E-01  1.0088E+00  2.2821E+00  4.3359E+00  7.3214E+00  1.2257E+01  2.3108E+01
  14   -2.3479E-04  1.7775E-02  9.9116E-02  3.5915E-01  1.0003E+00  2.2446E+00  4.1696E+00  6.6726E+00  1.0165E+01  1.7918E+01

          11          12          13          14
   1    2.5436E-04  3.0178E-06 -1.4640E-04 -2.3479E-04
   2    1.9290E-02  1.8517E-02  1.8052E-02  1.7775E-02
   3    1.0341E-01  1.0125E-01  9.9917E-02  9.9116E-02
   4    3.7121E-01  3.6533E-01  3.6151E-01  3.5915E-01
   5    1.0405E+00  1.0219E+00  1.0088E+00  1.0003E+00
   6    2.4076E+00  2.3369E+00  2.2821E+00  2.2446E+00
   7    4.8253E+00  4.5644E+00  4.3359E+00  4.1696E+00
   8    8.8742E+00  8.1254E+00  7.3214E+00  6.6726E+00
   9    1.5685E+01  1.4405E+01  1.2257E+01  1.0165E+01
  10    2.6314E+01  2.6658E+01  2.3108E+01  1.7918E+01
  11    3.9088E+01  4.8207E+01  4.8422E+01  4.0376E+01
  12    4.8207E+01  7.5831E+01  9.6425E+01  9.7789E+01
  13    4.8422E+01  9.6425E+01  1.5976E+02  2.0843E+02
  14    4.0376E+01  9.7789E+01  2.0843E+02  3.5482E+02
 OPW  0.11750E-05 0.44356E-05 0.16745E-04 0.63212E-04 0.23863E-03 0.90085E-03 0.34008E-02 0.12837E-01 0.48464E-01 0.18294E+00
 OPW  0.69062E+00 0.26079E+01 0.98462E+01 0.37156E+02
 OPW  0.12181E-01 0.27030E-01 0.59980E-01 0.13309E+00 0.29533E+00 0.65534E+00 0.14542E+01 0.32267E+01 0.71603E+01 0.15888E+02
 OPW  0.35255E+02 0.78244E+02 0.17364E+03 0.38521E+03


 DER  1 TE PARAMETERSATZ DER   1 TEN STRUKTUR = /   1 ) LIEFERT
 KINETISCHE ENERGIE =     10367.2885306
 COULOMB ENERGIE=             0.0000000
 ZENTRAL ENERGIE=          1355.9254235
 L-QUADRAT    =             605.3799686
 LS**2 SKALAR  =             41.2254834
 SPINBAHN ENERGIE =        1044.8335671
 LS**2 VEKTOR   =            30.9191115
 TENSOR ENERGIE =           -93.5555445
 LS**2 TENSOR   =            51.5318487
 ISO-TENSOR SKA =         -4416.0363430
 ISO-TENSOR TEN =             0.0409879
 CHARGE ASYMMET =             0.0000000
 GESAMTE     ENERGIE =    8987.5530337



 DER  2 TE PARAMETERSATZ DER   1 TEN STRUKTUR = /   2 ) LIEFERT
 KINETISCHE ENERGIE =      6093.9129329
 COULOMB ENERGIE=             0.0000000
 ZENTRAL ENERGIE=          1206.4150115
 L-QUADRAT    =             585.5690392
 LS**2 SKALAR  =             54.2840793
 SPINBAHN ENERGIE =        1032.6311193
 LS**2 VEKTOR   =            40.7130581
 TENSOR ENERGIE =          -164.7378947
 LS**2 TENSOR   =            67.8550920
 ISO-TENSOR SKA =         -3166.1710102
 ISO-TENSOR TEN =             0.0677156
 CHARGE ASYMMET =             0.0000000
 GESAMTE     ENERGIE =    5750.5391430



 DER  3 TE PARAMETERSATZ DER   1 TEN STRUKTUR = /   3 ) LIEFERT
 KINETISCHE ENERGIE =      3582.0122275
 COULOMB ENERGIE=             0.0000000
 ZENTRAL ENERGIE=           995.3205588
 L-QUADRAT    =             550.8927839
 LS**2 SKALAR  =             70.3274426
 SPINBAHN ENERGIE =        1002.0165175
 LS**2 VEKTOR   =            52.7455802
 TENSOR ENERGIE =          -243.2186458
 LS**2 TENSOR   =            87.9092940
 ISO-TENSOR SKA =         -2011.7735343
 ISO-TENSOR TEN =             0.1096830
 CHARGE ASYMMET =             0.0000000
 GESAMTE     ENERGIE =    4086.3419073



 DER  4 TE PARAMETERSATZ DER   1 TEN STRUKTUR = /   4 ) LIEFERT
 KINETISCHE ENERGIE =      2105.5133623
 COULOMB ENERGIE=             0.0000000
 ZENTRAL ENERGIE=           729.2430241
 L-QUADRAT    =             493.1351909
 LS**2 SKALAR  =             85.5275331
 SPINBAHN ENERGIE =         934.9200004
 LS**2 VEKTOR   =            64.1456478
 TENSOR ENERGIE =          -308.8149244
 LS**2 TENSOR   =           106.9094051
 ISO-TENSOR SKA =         -1130.3309354
 ISO-TENSOR TEN =             0.1720338
 CHARGE ASYMMET =             0.0000000
 GESAMTE     ENERGIE =    3080.4203376



 DER  5 TE PARAMETERSATZ DER   1 TEN STRUKTUR = /   5 ) LIEFERT
 KINETISCHE ENERGIE =      1237.6261702
 COULOMB ENERGIE=             0.0000000
 ZENTRAL ENERGIE=           445.9271212
 L-QUADRAT    =             406.3983313
 LS**2 SKALAR  =             92.6582736
 SPINBAHN ENERGIE =         811.2208811
 LS**2 VEKTOR   =            69.4937030
 TENSOR ENERGIE =          -337.9282172
 LS**2 TENSOR   =           115.8228299
 ISO-TENSOR SKA =          -564.8359227
 ISO-TENSOR TEN =             0.2564378
 CHARGE ASYMMET =             0.0000000
 GESAMTE     ENERGIE =    2276.6396080



 DER  6 TE PARAMETERSATZ DER   1 TEN STRUKTUR = /   6 ) LIEFERT
 KINETISCHE ENERGIE =       727.4726362
 COULOMB ENERGIE=             0.0000000
 ZENTRAL ENERGIE=           207.9423257
 L-QUADRAT    =             296.0493937
 LS**2 SKALAR  =             85.0553559
 SPINBAHN ENERGIE =         627.7540162
 LS**2 VEKTOR   =            63.7915150
 TENSOR ENERGIE =          -312.6160691
 LS**2 TENSOR   =           106.3191839
 ISO-TENSOR SKA =          -251.2936978
 ISO-TENSOR TEN =             0.3539951
 CHARGE ASYMMET =             0.0000000
 GESAMTE     ENERGIE =    1550.8286547



 DER  7 TE PARAMETERSATZ DER   1 TEN STRUKTUR = /   7 ) LIEFERT
 KINETISCHE ENERGIE =       427.6091827
 COULOMB ENERGIE=             0.0000000
 ZENTRAL ENERGIE=            62.2276474
 L-QUADRAT    =             183.4716120
 LS**2 SKALAR  =             63.7097510
 SPINBAHN ENERGIE =         416.8305659
 LS**2 VEKTOR   =            47.7823118
 TENSOR ENERGIE =          -238.8782388
 LS**2 TENSOR   =            79.6371805
 ISO-TENSOR SKA =           -99.2261400
 ISO-TENSOR TEN =             0.4387729
 CHARGE ASYMMET =             0.0000000
 GESAMTE     ENERGIE =     943.6026455



 DER  8 TE PARAMETERSATZ DER   1 TEN STRUKTUR = /   8 ) LIEFERT
 KINETISCHE ENERGIE =       251.3549104
 COULOMB ENERGIE=             0.0000000
 ZENTRAL ENERGIE=             3.5923367
 L-QUADRAT    =              94.4140938
 LS**2 SKALAR  =             38.3338248
 SPINBAHN ENERGIE =         232.1485493
 LS**2 VEKTOR   =            28.7503677
 TENSOR ENERGIE =          -150.7765365
 LS**2 TENSOR   =            47.9172761
 ISO-TENSOR SKA =           -34.9250574
 ISO-TENSOR TEN =             0.4748830
 CHARGE ASYMMET =             0.0000000
 GESAMTE     ENERGIE =     511.2846479



 DER  9 TE PARAMETERSATZ DER   1 TEN STRUKTUR = /   9 ) LIEFERT
 KINETISCHE ENERGIE =       147.7442288
 COULOMB ENERGIE=             0.0000000
 ZENTRAL ENERGIE=            -8.0233056
 L-QUADRAT    =              40.1740592
 LS**2 SKALAR  =             18.7206358
 SPINBAHN ENERGIE =         108.2879216
 LS**2 VEKTOR   =            14.0404764
 TENSOR ENERGIE =           -81.5590288
 LS**2 TENSOR   =            23.4007923
 ISO-TENSOR SKA =           -11.1296007
 ISO-TENSOR TEN =             0.4431201
 CHARGE ASYMMET =             0.0000000
 GESAMTE     ENERGIE =     252.0992992



 DER 10 TE PARAMETERSATZ DER   1 TEN STRUKTUR = /  10 ) LIEFERT
 KINETISCHE ENERGIE =        86.8467760
 COULOMB ENERGIE=             0.0000000
 ZENTRAL ENERGIE=            -5.7895758
 L-QUADRAT    =              14.3619337
 LS**2 SKALAR  =              7.6670316
 SPINBAHN ENERGIE =          43.0705787
 LS**2 VEKTOR   =             5.7502735
 TENSOR ENERGIE =           -40.1207785
 LS**2 TENSOR   =             9.5837885
 ISO-TENSOR SKA =            -3.2822917
 ISO-TENSOR TEN =             0.3595504
 CHARGE ASYMMET =             0.0000000
 GESAMTE     ENERGIE =     118.4472862



 DER 11 TE PARAMETERSATZ DER   1 TEN STRUKTUR = /  11 ) LIEFERT
 KINETISCHE ENERGIE =        51.0485287
 COULOMB ENERGIE=             0.0000000
 ZENTRAL ENERGIE=            -2.7247481
 L-QUADRAT    =               4.4564453
 LS**2 SKALAR  =              2.7507012
 SPINBAHN ENERGIE =          15.0483290
 LS**2 VEKTOR   =             2.0630258
 TENSOR ENERGIE =           -18.8247443
 LS**2 TENSOR   =             3.4383761
 ISO-TENSOR SKA =            -0.9159533
 ISO-TENSOR TEN =             0.2588607
 CHARGE ASYMMET =             0.0000000
 GESAMTE     ENERGIE =      56.5988210



 DER 12 TE PARAMETERSATZ DER   1 TEN STRUKTUR = /  12 ) LIEFERT
 KINETISCHE ENERGIE =        30.0029330
 COULOMB ENERGIE=             0.0000000
 ZENTRAL ENERGIE=            -1.0453438
 L-QUADRAT    =               1.2532777
 LS**2 SKALAR  =              0.9011447
 SPINBAHN ENERGIE =           4.7734923
 LS**2 VEKTOR   =             0.6758585
 TENSOR ENERGIE =            -8.5312576
 LS**2 TENSOR   =             1.1264308
 ISO-TENSOR SKA =            -0.2466714
 ISO-TENSOR TEN =             0.1680989
 CHARGE ASYMMET =             0.0000000
 GESAMTE     ENERGIE =      29.0779632



 DER 13 TE PARAMETERSATZ DER   1 TEN STRUKTUR = /  13 ) LIEFERT
 KINETISCHE ENERGIE =        17.6347578
 COULOMB ENERGIE=             0.0000000
 ZENTRAL ENERGIE=            -0.3384013
 L-QUADRAT    =               0.3336855
 LS**2 SKALAR  =              0.2779479
 SPINBAHN ENERGIE =           1.4166225
 LS**2 VEKTOR   =             0.2084609
 TENSOR ENERGIE =            -3.6892122
 LS**2 TENSOR   =             0.3474349
 ISO-TENSOR SKA =            -0.0650648
 ISO-TENSOR TEN =             0.0990715
 CHARGE ASYMMET =             0.0000000
 GESAMTE     ENERGIE =      16.2253028



 DER 14 TE PARAMETERSATZ DER   1 TEN STRUKTUR = /  14 ) LIEFERT
 KINETISCHE ENERGIE =        10.3672885
 COULOMB ENERGIE=             0.0000000
 ZENTRAL ENERGIE=            -0.0908174
 L-QUADRAT    =               0.0869304
 LS**2 SKALAR  =              0.0821622
 SPINBAHN ENERGIE =           0.4025966
 LS**2 VEKTOR   =             0.0616217
 TENSOR ENERGIE =            -1.4989158
 LS**2 TENSOR   =             0.1027028
 ISO-TENSOR SKA =            -0.0169377
 ISO-TENSOR TEN =             0.0528740
 CHARGE ASYMMET =             0.0000000
 GESAMTE     ENERGIE =       9.5495054

 VOR ORTHO H

           1           2           3           4           5           6           7           8           9          10
   1    1.0560E-02  1.4131E-02  1.4958E-02  1.3037E-02  9.8151E-03  6.6571E-03  4.1862E-03  2.4728E-03  1.3636E-03  6.7364E-04
   2    1.4131E-02  2.5507E-02  3.6125E-02  4.1211E-02  4.0014E-02  3.5301E-02  3.0018E-02  2.5671E-02  2.2583E-02  2.0558E-02
   3    1.4958E-02  3.6125E-02  6.8424E-02  1.0177E-01  1.2339E-01  1.2963E-01  1.2581E-01  1.1861E-01  1.1187E-01  1.0681E-01
   4    1.3037E-02  4.1211E-02  1.0177E-01  1.9472E-01  2.9343E-01  3.6398E-01  3.9510E-01  3.9844E-01  3.8998E-01  3.7964E-01
   5    9.8151E-03  4.0014E-02  1.2339E-01  2.9343E-01  5.4327E-01  8.0102E-01  9.8340E-01  1.0661E+00  1.0794E+00  1.0628E+00
   6    6.6571E-03  3.5301E-02  1.2963E-01  3.6398E-01  8.0102E-01  1.3971E+00  1.9720E+00  2.3464E+00  2.4864E+00  2.4754E+00
   7    4.1862E-03  3.0018E-02  1.2581E-01  3.9510E-01  9.8340E-01  1.9720E+00  3.2090E+00  4.2998E+00  4.9052E+00  5.0091E+00
   8    2.4728E-03  2.5671E-02  1.1861E-01  3.9844E-01  1.0661E+00  2.3464E+00  4.2998E+00  6.5635E+00  8.3712E+00  9.1213E+00
   9    1.3636E-03  2.2583E-02  1.1187E-01  3.8998E-01  1.0794E+00  2.4864E+00  4.9052E+00  8.3712E+00  1.2218E+01  1.5025E+01
  10    6.7364E-04  2.0558E-02  1.0681E-01  3.7964E-01  1.0628E+00  2.4754E+00  5.0091E+00  9.1213E+00  1.5025E+01  2.1669E+01
  11    2.5436E-04  1.9290E-02  1.0341E-01  3.7121E-01  1.0405E+00  2.4076E+00  4.8253E+00  8.8742E+00  1.5685E+01  2.6314E+01
  12    3.0178E-06  1.8517E-02  1.0125E-01  3.6533E-01  1.0219E+00  2.3369E+00  4.5644E+00  8.1254E+00  1.4405E+01  2.6658E+01
  13   -1.4640E-04  1.8052E-02  9.9917E-02  3.6151E-01  1.0088E+00  2.2821E+00  4.3359E+00  7.3214E+00  1.2257E+01  2.3108E+01
  14   -2.3479E-04  1.7775E-02  9.9116E-02  3.5915E-01  1.0003E+00  2.2446E+00  4.1696E+00  6.6726E+00  1.0165E+01  1.7918E+01

          11          12          13          14
   1    2.5436E-04  3.0178E-06 -1.4640E-04 -2.3479E-04
   2    1.9290E-02  1.8517E-02  1.8052E-02  1.7775E-02
   3    1.0341E-01  1.0125E-01  9.9917E-02  9.9116E-02
   4    3.7121E-01  3.6533E-01  3.6151E-01  3.5915E-01
   5    1.0405E+00  1.0219E+00  1.0088E+00  1.0003E+00
   6    2.4076E+00  2.3369E+00  2.2821E+00  2.2446E+00
   7    4.8253E+00  4.5644E+00  4.3359E+00  4.1696E+00
   8    8.8742E+00  8.1254E+00  7.3214E+00  6.6726E+00
   9    1.5685E+01  1.4405E+01  1.2257E+01  1.0165E+01
  10    2.6314E+01  2.6658E+01  2.3108E+01  1.7918E+01
  11    3.9088E+01  4.8207E+01  4.8422E+01  4.0376E+01
  12    4.8207E+01  7.5831E+01  9.6425E+01  9.7789E+01
  13    4.8422E+01  9.6425E+01  1.5976E+02  2.0843E+02
  14    4.0376E+01  9.7789E+01  2.0843E+02  3.5482E+02
 VOR ORTHO EN

           1           2           3           4           5           6           7           8           9          10
   1    1.1750E-06  2.0923E-06  3.1651E-06  4.1866E-06  5.0138E-06  5.6101E-06  6.0079E-06  6.2603E-06  6.4157E-06  6.5095E-06
   2    2.0923E-06  4.4356E-06  7.8984E-06  1.1948E-05  1.5805E-05  1.8927E-05  2.1179E-05  2.2680E-05  2.3633E-05  2.4219E-05
   3    3.1651E-06  7.8984E-06  1.6745E-05  2.9817E-05  4.5106E-05  5.9663E-05  7.1451E-05  7.9950E-05  8.5619E-05  8.9216E-05
   4    4.1866E-06  1.1948E-05  2.9817E-05  6.3212E-05  1.1256E-04  1.7028E-04  2.2523E-04  2.6973E-04  3.0182E-04  3.2321E-04
   5    5.0138E-06  1.5805E-05  4.5106E-05  1.1256E-04  2.3863E-04  4.2492E-04  6.4281E-04  8.5025E-04  1.0182E-03  1.1394E-03
   6    5.6101E-06  1.8927E-05  5.9663E-05  1.7028E-04  4.2492E-04  9.0085E-04  1.6041E-03  2.4266E-03  3.2098E-03  3.8440E-03
   7    6.0079E-06  2.1179E-05  7.1451E-05  2.2523E-04  6.4281E-04  1.6041E-03  3.4008E-03  6.0555E-03  9.1608E-03  1.2117E-02
   8    6.2603E-06  2.2680E-05  7.9950E-05  2.6973E-04  8.5025E-04  2.4266E-03  6.0555E-03  1.2837E-02  2.2860E-02  3.4580E-02
   9    6.4157E-06  2.3633E-05  8.5619E-05  3.0182E-04  1.0182E-03  3.2098E-03  9.1608E-03  2.2860E-02  4.8464E-02  8.6296E-02
  10    6.5095E-06  2.4219E-05  8.9216E-05  3.2321E-04  1.1394E-03  3.8440E-03  1.2117E-02  3.4580E-02  8.6296E-02  1.8294E-01
  11    6.5656E-06  2.4574E-05  9.1430E-05  3.3679E-04  1.2201E-03  4.3012E-03  1.4511E-02  4.5741E-02  1.3055E-01  3.2576E-01
  12    6.5989E-06  2.4785E-05  9.2767E-05  3.4515E-04  1.2714E-03  4.6063E-03  1.6238E-02  5.4780E-02  1.7269E-01  4.9283E-01
  13    6.6185E-06  2.4911E-05  9.3566E-05  3.5020E-04  1.3030E-03  4.7998E-03  1.7389E-02  6.1296E-02  2.0681E-01  6.5188E-01
  14    6.6301E-06  2.4985E-05  9.4040E-05  3.5322E-04  1.3220E-03  4.9189E-03  1.8119E-02  6.5640E-02  2.3140E-01  7.8063E-01

          11          12          13          14
   1    6.5656E-06  6.5989E-06  6.6185E-06  6.6301E-06
   2    2.4574E-05  2.4785E-05  2.4911E-05  2.4985E-05
   3    9.1430E-05  9.2767E-05  9.3566E-05  9.4040E-05
   4    3.3679E-04  3.4515E-04  3.5020E-04  3.5322E-04
   5    1.2201E-03  1.2714E-03  1.3030E-03  1.3220E-03
   6    4.3012E-03  4.6063E-03  4.7998E-03  4.9189E-03
   7    1.4511E-02  1.6238E-02  1.7389E-02  1.8119E-02
   8    4.5741E-02  5.4780E-02  6.1296E-02  6.5640E-02
   9    1.3055E-01  1.7269E-01  2.0681E-01  2.3140E-01
  10    3.2576E-01  4.9283E-01  6.5188E-01  7.8063E-01
  11    6.9062E-01  1.2299E+00  1.8606E+00  2.4608E+00
  12    1.2299E+00  2.6079E+00  4.6440E+00  7.0245E+00
  13    1.8606E+00  4.6440E+00  9.8462E+00  1.7531E+01
  14    2.4608E+00  7.0245E+00  1.7531E+01  3.7156E+01
  NORM UND HAMILTONMATRIX VOR DIAGONALISATION

                     1                     2                     3                     4                     5
   1    1.17498197162146E-06  2.09225845033262E-06  3.16510455308364E-06  4.18657711205882E-06  5.01376846434478E-06
   2    2.09225845033262E-06  4.43561204840876E-06  7.89837782020755E-06  1.19484202743799E-05  1.58045184513310E-05
   3    3.16510455308364E-06  7.89837782020756E-06  1.67446666747399E-05  2.98167803984371E-05  4.51058650946147E-05
   4    4.18657711205882E-06  1.19484202743799E-05  2.98167803984371E-05  6.32119462203860E-05  1.12559692553348E-04
   5    5.01376846434478E-06  1.58045184513310E-05  4.51058650946147E-05  1.12559692553348E-04  2.38627480793957E-04
   6    5.61014726525301E-06  1.89272561958061E-05  5.96630920196438E-05  1.70277821668183E-04  4.24920981829160E-04
   7    6.00790182244148E-06  2.11785746206855E-05  7.14513987592337E-05  2.25231254343658E-04  6.42806263664272E-04
   8    6.26032040085101E-06  2.26800630913170E-05  7.99499354126842E-05  2.69731011266623E-04  8.50249151320223E-04
   9    6.41567832508014E-06  2.36330285813647E-05  8.56185699904783E-05  3.01815853881804E-04  1.01824994701603E-03
  10    6.50951847442137E-06  2.42194628317270E-05  8.92157644792023E-05  3.23213441290603E-04  1.13936120162213E-03
  11    6.56558073879994E-06  2.45737393298627E-05  9.14297440932353E-05  3.36793995285069E-04  1.22014347320825E-03
  12    6.59885536514231E-06  2.47854105644902E-05  9.27673700892601E-05  3.45153221850700E-04  1.27141886818540E-03
  13    6.61852058396926E-06  2.49109989409496E-05  9.35662827943641E-05  3.50201838886360E-04  1.30296913635455E-03
  14    6.63011404060677E-06  2.49852098215753E-05  9.40402180758472E-05  3.53216707766980E-04  1.32202108977749E-03

                     6                     7                     8                     9                    10
   1    5.61014726525301E-06  6.00790182244148E-06  6.26032040085101E-06  6.41567832508013E-06  6.50951847442136E-06
   2    1.89272561958061E-05  2.11785746206854E-05  2.26800630913170E-05  2.36330285813647E-05  2.42194628317269E-05
   3    5.96630920196437E-05  7.14513987592336E-05  7.99499354126842E-05  8.56185699904782E-05  8.92157644792022E-05
   4    1.70277821668183E-04  2.25231254343658E-04  2.69731011266623E-04  3.01815853881804E-04  3.23213441290603E-04
   5    4.24920981829160E-04  6.42806263664272E-04  8.50249151320223E-04  1.01824994701603E-03  1.13936120162213E-03
   6    9.00850059826047E-04  1.60412159619654E-03  2.42663076058002E-03  3.20981469963246E-03  3.84398944284305E-03
   7    1.60412159619654E-03  3.40076489927845E-03  6.05552968728974E-03  9.16077938675925E-03  1.21170988627727E-02
   8    2.42663076058002E-03  6.05552968728974E-03  1.28373603416326E-02  2.28595237443676E-02  3.45803777994859E-02
   9    3.20981469963246E-03  9.16077938675925E-03  2.28595237443676E-02  4.84638434197647E-02  8.62960201307182E-02
  10    3.84398944284306E-03  1.21170988627727E-02  3.45803777994859E-02  8.62960201307182E-02  1.82940522201755E-01
  11    4.30123426030710E-03  1.45113061888767E-02  4.57406509633623E-02  1.30547259885061E-01  3.25758276473744E-01
  12    4.60625079974474E-03  1.62377320352471E-02  5.47799447190865E-02  1.72688122812363E-01  4.92833326077011E-01
  13    4.79978708943895E-03  1.73889801474580E-02  6.12957209947433E-02  2.06808478636226E-01  6.51883978107745E-01
  14    4.91885225001648E-03  1.81193329520774E-02  6.56398764033771E-02  2.31398420146398E-01  7.80632093631736E-01

                    11                    12                    13                    14
   1    6.56558073879994E-06  6.59885536514230E-06  6.61852058396926E-06  6.63011404060676E-06
   2    2.45737393298626E-05  2.47854105644902E-05  2.49109989409496E-05  2.49852098215753E-05
   3    9.14297440932353E-05  9.27673700892601E-05  9.35662827943640E-05  9.40402180758470E-05
   4    3.36793995285069E-04  3.45153221850700E-04  3.50201838886359E-04  3.53216707766980E-04
   5    1.22014347320824E-03  1.27141886818540E-03  1.30296913635455E-03  1.32202108977749E-03
   6    4.30123426030710E-03  4.60625079974474E-03  4.79978708943895E-03  4.91885225001648E-03
   7    1.45113061888767E-02  1.62377320352471E-02  1.73889801474580E-02  1.81193329520774E-02
   8    4.57406509633623E-02  5.47799447190865E-02  6.12957209947432E-02  6.56398764033770E-02
   9    1.30547259885061E-01  1.72688122812363E-01  2.06808478636226E-01  2.31398420146398E-01
  10    3.25758276473744E-01  4.92833326077011E-01  6.51883978107744E-01  7.80632093631736E-01
  11    6.90615135969629E-01  1.22989214265560E+00  1.86055059993111E+00  2.46075608427930E+00
  12    1.22989214265560E+00  2.60786368100592E+00  4.64400205131880E+00  7.02451467689229E+00
  13    1.86055059993111E+00  4.64400205131880E+00  9.84624003657366E+00  1.75305173023153E+01
  14    2.46075608427930E+00  7.02451467689230E+00  1.75305173023153E+01  3.71561923995912E+01

                     1                     2                     3                     4                     5
   1    1.05602127835864E-02  1.41308584140937E-02  1.49582798217713E-02  1.30365764064603E-02  9.81512720582802E-03
   2    1.41308584140937E-02  2.55071607074432E-02  3.61246513925921E-02  4.12113674984490E-02  4.00140563413344E-02
   3    1.49582798217713E-02  3.61246513925921E-02  6.84244331574636E-02  1.01769455813227E-01  1.23388982477301E-01
   4    1.30365764064603E-02  4.12113674984490E-02  1.01769455813227E-01  1.94719364714647E-01  2.93433911426048E-01
   5    9.81512720582805E-03  4.00140563413344E-02  1.23388982477301E-01  2.93433911426048E-01  5.43268774335507E-01
   6    6.65708843571808E-03  3.53012412378335E-02  1.29628291573656E-01  3.63977078137191E-01  8.01019461522739E-01
   7    4.18621414353748E-03  3.00184050123278E-02  1.25814579739489E-01  3.95100017547345E-01  9.83395516149626E-01
   8    2.47284633859726E-03  2.56708541234612E-02  1.18612724703686E-01  3.98435461131256E-01  1.06606913743358E+00
   9    1.36357418937847E-03  2.25826700267461E-02  1.11866137120906E-01  3.89983509695894E-01  1.07939096987890E+00
  10    6.73638999441138E-04  2.05583643550917E-02  1.06810883701226E-01  3.79643255509071E-01  1.06281134459478E+00
  11    2.54364788963692E-04  1.92903593306405E-02  1.03408123169175E-01  3.71214324911194E-01  1.04051690087090E+00
  12    3.01783093103060E-06  1.85166934137651E-02  1.01246283919805E-01  3.65325125284157E-01  1.02193194792537E+00
  13   -1.46398748751307E-04  1.80520123881931E-02  9.99173613521272E-02  3.61513833539198E-01  1.00883725623786E+00
  14   -2.34788680633342E-04  1.77754575148373E-02  9.91157441323467E-02  3.59147363467597E-01  1.00032897598641E+00

                     6                     7                     8                     9                    10
   1    6.65708843571805E-03  4.18621414353744E-03  2.47284633859724E-03  1.36357418937844E-03  6.73638999441148E-04
   2    3.53012412378334E-02  3.00184050123277E-02  2.56708541234612E-02  2.25826700267461E-02  2.05583643550917E-02
   3    1.29628291573656E-01  1.25814579739489E-01  1.18612724703686E-01  1.11866137120905E-01  1.06810883701226E-01
   4    3.63977078137190E-01  3.95100017547344E-01  3.98435461131256E-01  3.89983509695894E-01  3.79643255509070E-01
   5    8.01019461522738E-01  9.83395516149625E-01  1.06606913743358E+00  1.07939096987890E+00  1.06281134459478E+00
   6    1.39706408632478E+00  1.97200851539012E+00  2.34641956098441E+00  2.48636754246562E+00  2.47537678515854E+00
   7    1.97200851539012E+00  3.20897075554497E+00  4.29978243907691E+00  4.90519331153591E+00  5.00905278551991E+00
   8    2.34641956098441E+00  4.29978243907692E+00  6.56354526278185E+00  8.37122147153925E+00  9.12134298830314E+00
   9    2.48636754246562E+00  4.90519331153591E+00  8.37122147153925E+00  1.22177009633166E+01  1.50253048514605E+01
  10    2.47537678515855E+00  5.00905278551991E+00  9.12134298830314E+00  1.50253048514605E+01  2.16688083982551E+01
  11    2.40761228888138E+00  4.82526756346103E+00  8.87421264572184E+00  1.56850842756225E+01  2.63143600227478E+01
  12    2.33692161044077E+00  4.56439875434336E+00  8.12540753544326E+00  1.44053016014036E+01  2.66578451107045E+01
  13    2.28205732688872E+00  4.33591208951678E+00  7.32135635545449E+00  1.22567238554973E+01  2.31079726952347E+01
  14    2.24456917736023E+00  4.16957069082449E+00  6.67257216374392E+00  1.01654360768990E+01  1.79178523028447E+01

                    11                    12                    13                    14
   1    2.54364788963692E-04  3.01783093103060E-06 -1.46398748751307E-04 -2.34788680633317E-04
   2    1.92903593306404E-02  1.85166934137651E-02  1.80520123881932E-02  1.77754575148372E-02
   3    1.03408123169175E-01  1.01246283919804E-01  9.99173613521269E-02  9.91157441323464E-02
   4    3.71214324911194E-01  3.65325125284157E-01  3.61513833539198E-01  3.59147363467597E-01
   5    1.04051690087090E+00  1.02193194792537E+00  1.00883725623786E+00  1.00032897598641E+00
   6    2.40761228888137E+00  2.33692161044077E+00  2.28205732688872E+00  2.24456917736023E+00
   7    4.82526756346103E+00  4.56439875434337E+00  4.33591208951678E+00  4.16957069082449E+00
   8    8.87421264572183E+00  8.12540753544326E+00  7.32135635545448E+00  6.67257216374392E+00
   9    1.56850842756225E+01  1.44053016014036E+01  1.22567238554973E+01  1.01654360768990E+01
  10    2.63143600227477E+01  2.66578451107045E+01  2.31079726952347E+01  1.79178523028446E+01
  11    3.90880024683136E+01  4.82065793806244E+01  4.84224026973053E+01  4.03764932741362E+01
  12    4.82065793806244E+01  7.58313640225674E+01  9.64252558978788E+01  9.77892748282422E+01
  13    4.84224026973053E+01  9.64252558978788E+01  1.59758225871655E+02  2.08430929888028E+02
  14    4.03764932741362E+01  9.77892748282423E+01  2.08430929888028E+02  3.54823259059717E+02

        EIGENWERTE DES HAMILTONOPERATORS


  6.60422E+00  2.08827E+01  4.78768E+01  9.74909E+01  1.88458E+02  3.55708E+02  6.63054E+02  1.21500E+03  2.11778E+03  3.37597E+03
  5.29264E+03  8.71135E+03  1.49054E+04  2.65536E+04


 ENTWICKLUNG DES  1 TEN EIGENVEKTORS

  2.0175698314E-01 /   1) -5.2946074885E-01 /   2)  8.0146553634E-01 /   3) -9.5394026345E-01 /   4)
  1.0000000000E+00 /   5) -9.8688575372E-01 /   6)  9.3871441953E-01 /   7) -8.4922215246E-01 /   8)
  7.6831493869E-01 /   9) -6.6136494388E-01 /  10)  5.3626457373E-01 /  11) -3.9421032331E-01 /  12)
  2.3224989464E-01 /  13) -8.6184887458E-02 /  14)


 ENTWICKLUNG DES  2 TEN EIGENVEKTORS

 -1.9896695249E-01 /   1)  5.1905593821E-01 /   2) -7.9035316677E-01 /   3)  9.4266927375E-01 /   4)
 -1.0000000000E+00 /   5)  9.8269270679E-01 /   6) -9.2355383294E-01 /   7)  8.7145220454E-01 /   8)
 -7.7139643828E-01 /   9)  6.7450807042E-01 /  10) -5.5820254124E-01 /  11)  4.0814406936E-01 /  12)
 -2.3538652103E-01 /  13)  5.4115148659E-02 /  14)


 ENTWICKLUNG DES  3 TEN EIGENVEKTORS

 -2.0057759278E-01 /   1)  5.2764615350E-01 /   2) -7.9883482307E-01 /   3)  9.5280872998E-01 /   4)
 -1.0000000000E+00 /   5)  9.9410778598E-01 /   6) -9.5812154660E-01 /   7)  8.7068595715E-01 /   8)
 -8.0929415743E-01 /   9)  7.1429315655E-01 /  10) -5.9428649083E-01 /  11)  4.2981123361E-01 /  12)
 -1.7160254148E-01 /  13)  2.7968948519E-02 /  14)


 ENTWICKLUNG DES  4 TEN EIGENVEKTORS

 -1.9597670804E-01 /   1)  5.1173981327E-01 /   2) -7.8150672094E-01 /   3)  9.3587143577E-01 /   4)
 -1.0000000000E+00 /   5)  9.9253815105E-01 /   6) -9.4555243530E-01 /   7)  9.1611542604E-01 /   8)
 -8.3504871632E-01 /   9)  7.5623309361E-01 /  10) -6.1575937160E-01 /  11)  3.1389647689E-01 /  12)
 -9.0003412770E-02 /  13)  1.1965961117E-02 /  14)


 ENTWICKLUNG DES  5 TEN EIGENVEKTORS

  1.9327223428E-01 /   1) -5.1013131558E-01 /   2)  7.7558256563E-01 /   3) -9.3199105346E-01 /   4)
  9.8883226394E-01 /   5) -1.0000000000E+00 /   6)  9.9128043913E-01 /   7) -9.2939974820E-01 /   8)
  8.9788232839E-01 /   9) -7.7289260484E-01 /  10)  4.4023459015E-01 /  11) -1.6193814019E-01 /  12)
  3.8063148856E-02 /  13) -4.5999768547E-03 /  14)


 ENTWICKLUNG DES  6 TEN EIGENVEKTORS

  1.8409737524E-01 /   1) -4.8225794267E-01 /   2)  7.4265615796E-01 /   3) -8.9954389555E-01 /   4)
  9.8025241894E-01 /   5) -1.0000000000E+00 /   6)  9.8158322090E-01 /   7) -9.9596271427E-01 /   8)
  8.6884582744E-01 /   9) -5.1500862305E-01 /  10)  2.1311209672E-01 /  11) -6.4791953370E-02 /  12)
  1.3923431904E-02 /  13) -1.6302470425E-03 /  14)


 ENTWICKLUNG DES  7 TEN EIGENVEKTORS

  1.6576968915E-01 /   1) -4.4279090294E-01 /   2)  6.8053815596E-01 /   3) -8.3532887074E-01 /   4)
  9.0963328438E-01 /   5) -9.5504162489E-01 /   6)  1.0000000000E+00 /   7) -8.6387201017E-01 /   8)
  5.1423091428E-01 /   9) -2.2445909414E-01 /  10)  7.7775778945E-02 /  11) -2.1797942214E-02 /  12)
  4.5579371110E-03 /  13) -5.3186087959E-04 /  14)


 ENTWICKLUNG DES  8 TEN EIGENVEKTORS

 -1.5837704407E-01 /   1)  4.1609016788E-01 /   2) -6.5770623208E-01 /   3)  8.1799807039E-01 /   4)
 -9.3504574342E-01 /   5)  1.0000000000E+00 /   6) -8.5705359869E-01 /   7)  5.0894467229E-01 /   8)
 -2.2800535942E-01 /   9)  8.4792635505E-02 /  10) -2.7358295266E-02 /  11)  7.4956761156E-03 /  12)
 -1.5648300948E-03 /  13)  1.8354728492E-04 /  14)


 ENTWICKLUNG DES  9 TEN EIGENVEKTORS

  1.5780900003E-01 /   1) -4.4339779421E-01 /   2)  6.9159925167E-01 /   3) -8.9570516448E-01 /   4)
  1.0000000000E+00 /   5) -8.8896287228E-01 /   6)  5.4204893082E-01 /   7) -2.5016591692E-01 /   8)
  9.7507034196E-02 /   9) -3.4127017217E-02 /  10)  1.0808939886E-02 /  11) -2.9597293129E-03 /  12)
  6.2102530304E-04 /  13) -7.3257010739E-05 /  14)


 ENTWICKLUNG DES 10 TEN EIGENVEKTORS

  1.8887940409E-01 /   1) -4.7701599953E-01 /   2)  8.0587218727E-01 /   3) -9.9795298766E-01 /   4)
  1.0000000000E+00 /   5) -6.6758699831E-01 /   6)  3.2705221827E-01 /   7) -1.3368754439E-01 /   8)
  4.9401910604E-02 /   9) -1.7004320637E-02 /  10)  5.3805405115E-03 /  11) -1.4793736548E-03 /  12)
  3.1189092620E-04 /  13) -3.6937258297E-05 /  14)


 ENTWICKLUNG DES 11 TEN EIGENVEKTORS

 -1.7571914335E-01 /   1)  5.4103644393E-01 /   2) -8.2851839169E-01 /   3)  1.0000000000E+00 /   4)
 -7.5951718790E-01 /   5)  4.0180811260E-01 /   6) -1.7242002781E-01 /   7)  6.6368999909E-02 /   8)
 -2.4032781524E-02 /   9)  8.2501228130E-03 /  10) -2.6193472186E-03 /  11)  7.2342611343E-04 /  12)
 -1.5311279176E-04 /  13)  1.8186322337E-05 /  14)


 ENTWICKLUNG DES 12 TEN EIGENVEKTORS

 -2.4899735475E-01 /   1)  6.1416560263E-01 /   2) -1.0000000000E+00 /   3)  8.7428128564E-01 /   4)
 -4.9849085732E-01 /   5)  2.2350658061E-01 /   6) -8.8847558070E-02 /   7)  3.3282239771E-02 /   8)
 -1.1992083386E-02 /   9)  4.1290641540E-03 /  10) -1.3172013253E-03 /  11)  3.6536497215E-04 /  12)
 -7.7585795727E-05 /  13)  9.2370867459E-06 /  14)


 ENTWICKLUNG DES 13 TEN EIGENVEKTORS

 -2.8872948676E-01 /   1)  9.4230979592E-01 /   2) -1.0000000000E+00 /   3)  6.2380247921E-01 /   4)
 -2.9459335402E-01 /   5)  1.2122190837E-01 /   6) -4.6751606024E-02 /   7)  1.7416851175E-02 /   8)
 -6.2961108951E-03 /   9)  2.1791727745E-03 /  10) -6.9846014396E-04 /  11)  1.9444244972E-04 /  12)
 -4.1396710224E-05 /  13)  4.9371808419E-06 /  14)


 ENTWICKLUNG DES 14 TEN EIGENVEKTORS

 -7.3463475150E-01 /   1)  1.0000000000E+00 /   2) -6.9711446674E-01 /   3)  3.5231086010E-01 /   4)
 -1.5168321288E-01 /   5)  6.0454666061E-02 /   6) -2.3183744151E-02 /   7)  8.6670115186E-03 /   8)
 -3.1502207660E-03 /   9)  1.0957134220E-03 /  10) -3.5252233804E-04 /  11)  9.8401753434E-05 /  12)
 -2.0988058648E-05 /  13)  2.5061737989E-06 /  14)
    1 -TE MATRIX EN,H IN ENPON,OPERATOR    2

           1           2           3           4           5           6           7           8           9          10
   1    1.1750E-06  2.0923E-06  3.1651E-06  4.1866E-06  5.0138E-06  5.6101E-06  6.0079E-06  6.2603E-06  6.4157E-06  6.5095E-06
   2    2.0923E-06  4.4356E-06  7.8984E-06  1.1948E-05  1.5805E-05  1.8927E-05  2.1179E-05  2.2680E-05  2.3633E-05  2.4219E-05
   3    3.1651E-06  7.8984E-06  1.6745E-05  2.9817E-05  4.5106E-05  5.9663E-05  7.1451E-05  7.9950E-05  8.5619E-05  8.9216E-05
   4    4.1866E-06  1.1948E-05  2.9817E-05  6.3212E-05  1.1256E-04  1.7028E-04  2.2523E-04  2.6973E-04  3.0182E-04  3.2321E-04
   5    5.0138E-06  1.5805E-05  4.5106E-05  1.1256E-04  2.3863E-04  4.2492E-04  6.4281E-04  8.5025E-04  1.0182E-03  1.1394E-03
   6    5.6101E-06  1.8927E-05  5.9663E-05  1.7028E-04  4.2492E-04  9.0085E-04  1.6041E-03  2.4266E-03  3.2098E-03  3.8440E-03
   7    6.0079E-06  2.1179E-05  7.1451E-05  2.2523E-04  6.4281E-04  1.6041E-03  3.4008E-03  6.0555E-03  9.1608E-03  1.2117E-02
   8    6.2603E-06  2.2680E-05  7.9950E-05  2.6973E-04  8.5025E-04  2.4266E-03  6.0555E-03  1.2837E-02  2.2860E-02  3.4580E-02
   9    6.4157E-06  2.3633E-05  8.5619E-05  3.0182E-04  1.0182E-03  3.2098E-03  9.1608E-03  2.2860E-02  4.8464E-02  8.6296E-02
  10    6.5095E-06  2.4219E-05  8.9216E-05  3.2321E-04  1.1394E-03  3.8440E-03  1.2117E-02  3.4580E-02  8.6296E-02  1.8294E-01
  11    6.5656E-06  2.4574E-05  9.1430E-05  3.3679E-04  1.2201E-03  4.3012E-03  1.4511E-02  4.5741E-02  1.3055E-01  3.2576E-01
  12    6.5989E-06  2.4785E-05  9.2767E-05  3.4515E-04  1.2714E-03  4.6063E-03  1.6238E-02  5.4780E-02  1.7269E-01  4.9283E-01
  13    6.6185E-06  2.4911E-05  9.3566E-05  3.5020E-04  1.3030E-03  4.7998E-03  1.7389E-02  6.1296E-02  2.0681E-01  6.5188E-01
  14    6.6301E-06  2.4985E-05  9.4040E-05  3.5322E-04  1.3220E-03  4.9189E-03  1.8119E-02  6.5640E-02  2.3140E-01  7.8063E-01

          11          12          13          14
   1    6.5656E-06  6.5989E-06  6.6185E-06  6.6301E-06
   2    2.4574E-05  2.4785E-05  2.4911E-05  2.4985E-05
   3    9.1430E-05  9.2767E-05  9.3566E-05  9.4040E-05
   4    3.3679E-04  3.4515E-04  3.5020E-04  3.5322E-04
   5    1.2201E-03  1.2714E-03  1.3030E-03  1.3220E-03
   6    4.3012E-03  4.6063E-03  4.7998E-03  4.9189E-03
   7    1.4511E-02  1.6238E-02  1.7389E-02  1.8119E-02
   8    4.5741E-02  5.4780E-02  6.1296E-02  6.5640E-02
   9    1.3055E-01  1.7269E-01  2.0681E-01  2.3140E-01
  10    3.2576E-01  4.9283E-01  6.5188E-01  7.8063E-01
  11    6.9062E-01  1.2299E+00  1.8606E+00  2.4608E+00
  12    1.2299E+00  2.6079E+00  4.6440E+00  7.0245E+00
  13    1.8606E+00  4.6440E+00  9.8462E+00  1.7531E+01
  14    2.4608E+00  7.0245E+00  1.7531E+01  3.7156E+01
    2 -TE MATRIX EN,H IN ENPON,OPERATOR    2

           1           2           3           4           5           6           7           8           9          10
   1    1.2181E-02  1.6060E-02  1.6852E-02  1.4654E-02  1.1087E-02  7.6273E-03  4.9345E-03  3.0726E-03  1.8691E-03  1.1213E-03
   2    1.6060E-02  2.7030E-02  3.5637E-02  3.7395E-02  3.2516E-02  2.4601E-02  1.6925E-02  1.0950E-02  6.8180E-03  4.1477E-03
   3    1.6852E-02  3.5637E-02  5.9980E-02  7.9077E-02  8.2978E-02  7.2153E-02  5.4590E-02  3.7556E-02  2.4297E-02  1.5129E-02
   4    1.4654E-02  3.7395E-02  7.9077E-02  1.3309E-01  1.7547E-01  1.8413E-01  1.6011E-01  1.2114E-01  8.3335E-02  5.3916E-02
   5    1.1087E-02  3.2516E-02  8.2978E-02  1.7547E-01  2.9533E-01  3.8937E-01  4.0857E-01  3.5527E-01  2.6879E-01  1.8492E-01
   6    7.6273E-03  2.4601E-02  7.2153E-02  1.8413E-01  3.8937E-01  6.5534E-01  8.6401E-01  9.0663E-01  7.8835E-01  5.9647E-01
   7    4.9345E-03  1.6925E-02  5.4590E-02  1.6011E-01  4.0857E-01  8.6401E-01  1.4542E+00  1.9172E+00  2.0118E+00  1.7494E+00
