  DM-MATRIZEN WERDEN AUF MATOUTKOPIERT
  0.1000E+01  0.1000E+01  0.1000E+01  0.1000E+01  0.1000E+01  0.1000E+01  0.1000E+01
  0.1000E+01  0.1000E+01  0.1000E+01  0.1000E+01  0.1000E+01

     1
     1  1     1  0     1  1  0     0  0  0  0  0     0

     2
     1  1     1  0     1  1  2     0  0  0  0  0     0

     3
     1  1     1  0     1  1  0     0  0  0  1  1     0

     4
     1  1     1  0     1  1  2     0  0  0  1  1     0

     5
     1  1     1  0     1  1  0     0  0  0  2  2     0

     6
     1  1     1  0     1  1  2     0  0  0  2  2     0

     7
     1  1     1  0     1  1  0     0  0  0  3  3     0

     8
     1  1     1  0     1  1  2     0  0  0  3  3     0
 GESAMTDREHIMPULS =   0 /2  PARITAET = +


 OPERATOREN 
  1  1  1  1  0  1  1  1  1  1
  1  1  1  1
0/  1 ) =    1.0000 /  4 )
 BENUTZTE RADIALFUNKTIONEN    
  1  1  1  1  1  1  1  1  1  1  1  1  1  1  1  1  1  1  1
    1 -TE MATRIX EN,H IN ENPON,OPERATOR   14

           1           2           3           4           5           6           7           8           9          10
   1    1.1750E-06  1.7765E-06  2.4805E-06  3.2218E-06  3.9327E-06  4.5629E-06  5.0872E-06  5.5028E-06  5.8201E-06  6.0560E-06
   2    1.7765E-06  2.9159E-06  4.4085E-06  6.1557E-06  7.9954E-06  9.7596E-06  1.1323E-05  1.2625E-05  1.3656E-05  1.4443E-05
   3    2.4805E-06  4.4085E-06  7.2361E-06  1.0940E-05  1.5276E-05  1.9842E-05  2.4220E-05  2.8100E-05  3.1330E-05  3.3889E-05
   4    3.2218E-06  6.1557E-06  1.0940E-05  1.7957E-05  2.7150E-05  3.7910E-05  4.9240E-05  6.0104E-05  6.9735E-05  7.7748E-05
   5    3.9327E-06  7.9954E-06  1.5276E-05  2.7150E-05  4.4563E-05  6.7376E-05  9.4078E-05  1.2219E-04  1.4916E-04  1.7306E-04
   6    4.5629E-06  9.7596E-06  1.9842E-05  3.7910E-05  6.7376E-05  1.1059E-04  1.6720E-04  2.3346E-04  3.0324E-04  3.7015E-04
   7    5.0872E-06  1.1323E-05  2.4220E-05  4.9240E-05  9.4078E-05  1.6720E-04  2.7444E-04  4.1493E-04  5.7937E-04  7.5253E-04
   8    5.5028E-06  1.2625E-05  2.8100E-05  6.0104E-05  1.2219E-04  2.3346E-04  4.1493E-04  6.8107E-04  1.0297E-03  1.4378E-03
   9    5.8201E-06  1.3656E-05  3.1330E-05  6.9735E-05  1.4916E-04  3.0324E-04  5.7937E-04  1.0297E-03  1.6901E-03  2.5554E-03
  10    6.0560E-06  1.4443E-05  3.3889E-05  7.7748E-05  1.7306E-04  3.7015E-04  7.5253E-04  1.4378E-03  2.5554E-03  4.1943E-03
  11    6.2280E-06  1.5029E-05  3.5843E-05  8.4099E-05  1.9294E-04  4.2945E-04  9.1857E-04  1.8675E-03  3.5680E-03  6.3413E-03
  12    6.3516E-06  1.5456E-05  3.7296E-05  8.8949E-05  2.0870E-04  4.7881E-04  1.0658E-03  2.2796E-03  4.6344E-03  8.8545E-03
  13    6.4396E-06  1.5762E-05  3.8355E-05  9.2555E-05  2.2074E-04  5.1792E-04  1.1882E-03  2.6448E-03  5.6570E-03  1.1501E-02
  14    6.5017E-06  1.5981E-05  3.9116E-05  9.5183E-05  2.2969E-04  5.4779E-04  1.2853E-03  2.9487E-03  6.5634E-03  1.4038E-02
  15    6.5455E-06  1.6135E-05  3.9658E-05  9.7073E-05  2.3621E-04  5.7000E-04  1.3594E-03  3.1897E-03  7.3179E-03  1.6288E-02
  16    6.5761E-06  1.6243E-05  4.0041E-05  9.8417E-05  2.4090E-04  5.8618E-04  1.4145E-03  3.3736E-03  7.9155E-03  1.8160E-02
  17    6.5975E-06  1.6319E-05  4.0310E-05  9.9367E-05  2.4424E-04  5.9782E-04  1.4547E-03  3.5104E-03  8.3721E-03  1.9643E-02
  18    6.6124E-06  1.6373E-05  4.0499E-05  1.0003E-04  2.4659E-04  6.0610E-04  1.4836E-03  3.6100E-03  8.7114E-03  2.0776E-02
  19    6.6229E-06  1.6410E-05  4.0631E-05  1.0050E-04  2.4825E-04  6.1195E-04  1.5041E-03  3.6817E-03  8.9589E-03  2.1619E-02

          11          12          13          14          15          16          17          18          19
   1    6.2280E-06  6.3516E-06  6.4396E-06  6.5017E-06  6.5455E-06  6.5761E-06  6.5975E-06  6.6124E-06  6.6229E-06
   2    1.5029E-05  1.5456E-05  1.5762E-05  1.5981E-05  1.6135E-05  1.6243E-05  1.6319E-05  1.6373E-05  1.6410E-05
   3    3.5843E-05  3.7296E-05  3.8355E-05  3.9116E-05  3.9658E-05  4.0041E-05  4.0310E-05  4.0499E-05  4.0631E-05
   4    8.4099E-05  8.8949E-05  9.2555E-05  9.5183E-05  9.7073E-05  9.8417E-05  9.9367E-05  1.0003E-04  1.0050E-04
   5    1.9294E-04  2.0870E-04  2.2074E-04  2.2969E-04  2.3621E-04  2.4090E-04  2.4424E-04  2.4659E-04  2.4825E-04
   6    4.2945E-04  4.7881E-04  5.1792E-04  5.4779E-04  5.7000E-04  5.8618E-04  5.9782E-04  6.0610E-04  6.1195E-04
   7    9.1857E-04  1.0658E-03  1.1882E-03  1.2853E-03  1.3594E-03  1.4145E-03  1.4547E-03  1.4836E-03  1.5041E-03
   8    1.8675E-03  2.2796E-03  2.6448E-03  2.9487E-03  3.1897E-03  3.3736E-03  3.5104E-03  3.6100E-03  3.6817E-03
   9    3.5680E-03  4.6344E-03  5.6570E-03  6.5634E-03  7.3179E-03  7.9155E-03  8.3721E-03  8.7114E-03  8.9589E-03
  10    6.3413E-03  8.8545E-03  1.1501E-02  1.4038E-02  1.6288E-02  1.8160E-02  1.9643E-02  2.0776E-02  2.1619E-02
  11    1.0408E-02  1.5737E-02  2.1973E-02  2.8540E-02  3.4839E-02  4.0420E-02  4.5066E-02  4.8746E-02  5.1558E-02
  12    1.5737E-02  2.5830E-02  3.9052E-02  5.4528E-02  7.0831E-02  8.6458E-02  1.0031E-01  1.1184E-01  1.2098E-01
  13    2.1973E-02  3.9052E-02  6.4099E-02  9.6911E-02  1.3533E-01  1.7577E-01  2.1456E-01  2.4893E-01  2.7755E-01
  14    2.8540E-02  5.4528E-02  9.6911E-02  1.5906E-01  2.4052E-01  3.3583E-01  4.3620E-01  5.3242E-01  6.1777E-01
  15    3.4839E-02  7.0831E-02  1.3533E-01  2.4052E-01  3.9485E-01  5.9698E-01  8.3359E-01  1.0827E+00  1.3217E+00
  16    4.0420E-02  8.6458E-02  1.7577E-01  3.3583E-01  5.9698E-01  9.7987E-01  1.4815E+00  2.0686E+00  2.6872E+00
  17    4.5066E-02  1.0031E-01  2.1456E-01  4.3620E-01  8.3359E-01  1.4815E+00  2.4319E+00  3.6767E+00  5.1348E+00
  18    4.8746E-02  1.1184E-01  2.4893E-01  5.3242E-01  1.0827E+00  2.0686E+00  3.6767E+00  6.0343E+00  9.1257E+00
  19    5.1558E-02  1.2098E-01  2.7755E-01  6.1777E-01  1.3217E+00  2.6872E+00  5.1348E+00  9.1257E+00  1.4984E+01
    2 -TE MATRIX EN,H IN ENPON,OPERATOR   14

           1           2           3           4           5           6           7           8           9          10
   1    1.0560E-02  1.3237E-02  1.4803E-02  1.4916E-02  1.3737E-02  1.1745E-02  9.4627E-03  7.2750E-03  5.3881E-03  3.8680E-03
   2    1.3237E-02  1.9086E-02  2.4527E-02  2.8249E-02  2.9542E-02  2.8564E-02  2.6060E-02  2.2893E-02  1.9724E-02  1.6928E-02
   3    1.4803E-02  2.4527E-02  3.6281E-02  4.7884E-02  5.6850E-02  6.1668E-02  6.2366E-02  6.0083E-02  5.6263E-02  5.2067E-02
   4    1.4916E-02  2.8249E-02  4.7884E-02  7.2238E-02  9.7241E-02  1.1806E-01  1.3152E-01  1.3727E-01  1.3709E-01  1.3346E-01
   5    1.3737E-02  2.9542E-02  5.6850E-02  9.7241E-02  1.4769E-01  2.0030E-01  2.4567E-01  2.7743E-01  2.9448E-01  2.9980E-01
   6    1.1745E-02  2.8564E-02  6.1668E-02  1.1806E-01  2.0030E-01  3.0194E-01  4.0752E-01  4.9908E-01  5.6469E-01  6.0227E-01
   7    9.4627E-03  2.6060E-02  6.2366E-02  1.3152E-01  2.4567E-01  4.0752E-01  6.0285E-01  8.0182E-01  9.7164E-01  1.0917E+00
   8    7.2750E-03  2.2893E-02  6.0083E-02  1.3727E-01  2.7743E-01  4.9908E-01  8.0182E-01  1.1552E+00  1.5042E+00  1.7924E+00
   9    5.3881E-03  1.9724E-02  5.6263E-02  1.3709E-01  2.9448E-01  5.6469E-01  9.7164E-01  1.5042E+00  2.1025E+00  2.6709E+00
  10    3.8680E-03  1.6928E-02  5.2067E-02  1.3346E-01  2.9980E-01  6.0227E-01  1.0917E+00  1.7924E+00  2.6709E+00  3.6196E+00
  11    2.6983E-03  1.4645E-02  4.8195E-02  1.2846E-01  2.9779E-01  6.1730E-01  1.1595E+00  1.9871E+00  3.1179E+00  4.4823E+00
  12    1.8259E-03  1.2874E-02  4.4955E-02  1.2343E-01  2.9231E-01  6.1791E-01  1.1859E+00  2.0882E+00  3.3966E+00  5.1187E+00
  13    1.1892E-03  1.1545E-02  4.2402E-02  1.1905E-01  2.8592E-01  6.1123E-01  1.1862E+00  2.1175E+00  3.5147E+00  5.4649E+00
  14    7.3135E-04  1.0572E-02  4.0470E-02  1.1550E-01  2.7997E-01  6.0209E-01  1.1734E+00  2.1035E+00  3.5156E+00  5.5474E+00
  15    4.0539E-04  9.8708E-03  3.9045E-02  1.1278E-01  2.7500E-01  5.9311E-01  1.1564E+00  2.0695E+00  3.4504E+00  5.4474E+00
  16    1.7514E-04  9.3709E-03  3.8014E-02  1.1075E-01  2.7111E-01  5.8542E-01  1.1398E+00  2.0308E+00  3.3597E+00  5.2543E+00
  17    1.3241E-05  9.0171E-03  3.7277E-02  1.0928E-01  2.6818E-01  5.7930E-01  1.1257E+00  1.9951E+00  3.2686E+00  5.0363E+00
  18   -1.0017E-04  8.7683E-03  3.6755E-02  1.0822E-01  2.6603E-01  5.7466E-01  1.1145E+00  1.9655E+00  3.1891E+00  4.8334E+00
  19   -1.7951E-04  8.5937E-03  3.6387E-02  1.0746E-01  2.6448E-01  5.7123E-01  1.1060E+00  1.9424E+00  3.1251E+00  4.6630E+00

          11          12          13          14          15          16          17          18          19
   1    2.6983E-03  1.8259E-03  1.1892E-03  7.3135E-04  4.0539E-04  1.7514E-04  1.3241E-05 -1.0017E-04 -1.7951E-04
   2    1.4645E-02  1.2874E-02  1.1545E-02  1.0572E-02  9.8708E-03  9.3709E-03  9.0171E-03  8.7683E-03  8.5937E-03
   3    4.8195E-02  4.4955E-02  4.2402E-02  4.0470E-02  3.9045E-02  3.8014E-02  3.7277E-02  3.6755E-02  3.6387E-02
   4    1.2846E-01  1.2343E-01  1.1905E-01  1.1550E-01  1.1278E-01  1.1075E-01  1.0928E-01  1.0822E-01  1.0746E-01
   5    2.9779E-01  2.9231E-01  2.8592E-01  2.7997E-01  2.7500E-01  2.7111E-01  2.6818E-01  2.6603E-01  2.6448E-01
   6    6.1730E-01  6.1791E-01  6.1123E-01  6.0209E-01  5.9311E-01  5.8542E-01  5.7930E-01  5.7466E-01  5.7123E-01
   7    1.1595E+00  1.1859E+00  1.1862E+00  1.1734E+00  1.1564E+00  1.1398E+00  1.1257E+00  1.1145E+00  1.1060E+00
   8    1.9871E+00  2.0882E+00  2.1175E+00  2.1035E+00  2.0695E+00  2.0308E+00  1.9951E+00  1.9655E+00  1.9424E+00
   9    3.1179E+00  3.3966E+00  3.5147E+00  3.5156E+00  3.4504E+00  3.3597E+00  3.2686E+00  3.1891E+00  3.1251E+00
  10    4.4823E+00  5.1187E+00  5.4649E+00  5.5474E+00  5.4474E+00  5.2543E+00  5.0363E+00  4.8334E+00  4.6630E+00
  11    5.9041E+00  7.1396E+00  7.9779E+00  8.3354E+00  8.2728E+00  7.9351E+00  7.4744E+00  7.0029E+00  6.5827E+00
  12    7.1396E+00  9.1887E+00  1.0894E+01  1.1937E+01  1.2202E+01  1.1808E+01  1.1002E+01  1.0040E+01  9.1027E+00
  13    7.9779E+00  1.0894E+01  1.3812E+01  1.6159E+01  1.7436E+01  1.7468E+01  1.6457E+01  1.4820E+01  1.2978E+01
  14    8.3354E+00  1.1937E+01  1.6159E+01  2.0408E+01  2.3774E+01  2.5427E+01  2.5067E+01  2.3025E+01  1.9990E+01
  15    8.2728E+00  1.2202E+01  1.7436E+01  2.3774E+01  3.0300E+01  3.5491E+01  3.7920E+01  3.7033E+01  3.3347E+01
  16    7.9351E+00  1.1808E+01  1.7468E+01  2.5427E+01  3.5491E+01  4.6149E+01  5.4782E+01  5.8866E+01  5.7365E+01
  17    7.4744E+00  1.1002E+01  1.6457E+01  2.5067E+01  3.7920E+01  5.4782E+01  7.3074E+01  8.8180E+01  9.5634E+01
  18    7.0029E+00  1.0040E+01  1.4820E+01  2.3025E+01  3.7033E+01  5.8866E+01  8.8180E+01  1.2041E+02  1.4745E+02
  19    6.5827E+00  9.1027E+00  1.2978E+01  1.9990E+01  3.3347E+01  5.7365E+01  9.5634E+01  1.4745E+02  2.0479E+02
 OPW  0.11750E-05 0.29159E-05 0.72361E-05 0.17957E-04 0.44563E-04 0.11059E-03 0.27444E-03 0.68107E-03 0.16901E-02 0.41943E-02
 OPW  0.10408E-01 0.25830E-01 0.64099E-01 0.15906E+00 0.39485E+00 0.97987E+00 0.24319E+01 0.60343E+01 0.14984E+02
 OPW  0.12181E-01 0.21015E-01 0.36256E-01 0.62549E-01 0.10791E+00 0.18617E+00 0.32118E+00 0.55410E+00 0.95594E+00 0.16492E+01
 OPW  0.28452E+01 0.49085E+01 0.84682E+01 0.14609E+02 0.25208E+02 0.43489E+02 0.75032E+02 0.12944E+03 0.22339E+03


 DER  1 TE PARAMETERSATZ DER   1 TEN STRUKTUR = /   1 ) LIEFERT
 KINETISCHE ENERGIE =     10367.2885306
 COULOMB ENERGIE=             0.0000000
 ZENTRAL ENERGIE=          1355.9254235
 L-QUADRAT    =             605.3799686
 LS**2 SKALAR  =             41.2254834
 SPINBAHN ENERGIE =        1044.8335671
 LS**2 VEKTOR   =            30.9191115
 TENSOR ENERGIE =           -93.5555445
 LS**2 TENSOR   =            51.5318487
 ISO-TENSOR SKA =         -4416.0363430
 ISO-TENSOR TEN =             0.0409879
 CHARGE ASYMMET =             0.0000000
 GESAMTE     ENERGIE =    8987.5530337



 DER  2 TE PARAMETERSATZ DER   1 TEN STRUKTUR = /   2 ) LIEFERT
 KINETISCHE ENERGIE =      7207.2664155
 COULOMB ENERGIE=             0.0000000
 ZENTRAL ENERGIE=          1259.9755818
 L-QUADRAT    =             593.0829225
 LS**2 SKALAR  =             49.7547577
 SPINBAHN ENERGIE =        1037.8287383
 LS**2 VEKTOR   =            37.3160670
 TENSOR ENERGIE =          -140.6809240
 LS**2 TENSOR   =            62.1934404
 ISO-TENSOR SKA =         -3561.3020600
 ISO-TENSOR TEN =             0.0578854
 CHARGE ASYMMET =             0.0000000
 GESAMTE     ENERGIE =    6545.4928246



 DER  3 TE PARAMETERSATZ DER   1 TEN STRUKTUR = /   3 ) LIEFERT
 KINETISCHE ENERGIE =      5010.4379758
 COULOMB ENERGIE=             0.0000000
 ZENTRAL ENERGIE=          1135.9988676
 L-QUADRAT    =             574.9355628
 LS**2 SKALAR  =             59.9692370
 SPINBAHN ENERGIE =        1024.2928325
 LS**2 VEKTOR   =            44.9769263
 TENSOR ENERGIE =          -193.7536071
 LS**2 TENSOR   =            74.9615383
 ISO-TENSOR SKA =         -2718.0737583
 ISO-TENSOR TEN =             0.0811127
 CHARGE ASYMMET =             0.0000000
 GESAMTE     ENERGIE =    5013.8266875



 DER  4 TE PARAMETERSATZ DER   1 TEN STRUKTUR = /   4 ) LIEFERT
 KINETISCHE ENERGIE =      3483.2223351
 COULOMB ENERGIE=             0.0000000
 ZENTRAL ENERGIE=           982.5065853
 L-QUADRAT    =             548.5023825
 LS**2 SKALAR  =             71.1993403
 SPINBAHN ENERGIE =         999.5829365
 LS**2 VEKTOR   =            53.3995035
 TENSOR ENERGIE =          -247.1918748
 LS**2 TENSOR   =            88.9991660
 ISO-TENSOR SKA =         -1957.5625150
 ISO-TENSOR TEN =             0.1124175
 CHARGE ASYMMET =             0.0000000
 GESAMTE     ENERGIE =    4022.7702770



 DER  5 TE PARAMETERSATZ DER   1 TEN STRUKTUR = /   5 ) LIEFERT
 KINETISCHE ENERGIE =      2421.5083167
 COULOMB ENERGIE=             0.0000000
 ZENTRAL ENERGIE=           803.0948121
 L-QUADRAT    =             511.0211789
 LS**2 SKALAR  =             81.9724044
 SPINBAHN ENERGIE =         957.3429743
 LS**2 VEKTOR   =            61.4793014
 TENSOR ENERGIE =          -294.1146532
 LS**2 TENSOR   =           102.4654948
 ISO-TENSOR SKA =         -1330.8557421
 ISO-TENSOR TEN =             0.1534370
 CHARGE ASYMMET =             0.0000000
 GESAMTE     ENERGIE =    3314.0675243



 DER  6 TE PARAMETERSATZ DER   1 TEN STRUKTUR = /   6 ) LIEFERT
 KINETISCHE ENERGIE =      1683.4195770
 COULOMB ENERGIE=             0.0000000
 ZENTRAL ENERGIE=           608.7017039
 L-QUADRAT    =             460.2020952
 LS**2 SKALAR  =             89.9895366
 SPINBAHN ENERGIE =         890.5860306
 LS**2 VEKTOR   =            67.4921503
 TENSOR ENERGIE =          -326.8588039
 LS**2 TENSOR   =           112.4869090
 ISO-TENSOR SKA =          -855.9372271
 ISO-TENSOR TEN =             0.2050618
 CHARGE ASYMMET =             0.0000000
 GESAMTE     ENERGIE =    2730.2870333



 DER  7 TE PARAMETERSATZ DER   1 TEN STRUKTUR = /   7 ) LIEFERT
 KINETISCHE ENERGIE =      1170.3009985
 COULOMB ENERGIE=             0.0000000
 ZENTRAL ENERGIE=           417.6134782
 L-QUADRAT    =             395.6469925
 LS**2 SKALAR  =             92.6197296
 SPINBAHN ENERGIE =         794.4804648
 LS**2 VEKTOR   =            69.4647950
 TENSOR ENERGIE =          -337.9875748
 LS**2 TENSOR   =           115.7746499
 ISO-TENSOR SKA =          -521.5519268
 ISO-TENSOR TEN =             0.2663872
 CHARGE ASYMMET =             0.0000000
 GESAMTE     ENERGIE =    2196.6279940



 DER  8 TE PARAMETERSATZ DER   1 TEN STRUKTUR = /   8 ) LIEFERT
 KINETISCHE ENERGIE =       813.5833347
 COULOMB ENERGIE=             0.0000000
 ZENTRAL ENERGIE=           251.2799476
 L-QUADRAT    =             320.3831179
 LS**2 SKALAR  =             87.9915403
 SPINBAHN ENERGIE =         670.2982080
 LS**2 VEKTOR   =            65.9936532
 TENSOR ENERGIE =          -322.6760816
 LS**2 TENSOR   =           109.9894140
 ISO-TENSOR SKA =          -300.9618195
 ISO-TENSOR TEN =             0.3333833
 CHARGE ASYMMET =             0.0000000
 GESAMTE     ENERGIE =    1696.2146980



 DER  9 TE PARAMETERSATZ DER   1 TEN STRUKTUR = /   9 ) LIEFERT
 KINETISCHE ENERGIE =       565.5977931
 COULOMB ENERGIE=             0.0000000
 ZENTRAL ENERGIE=           126.4273903
 L-QUADRAT    =             241.2819868
 LS**2 SKALAR  =             76.1980043
 SPINBAHN ENERGIE =         528.0287426
 LS**2 VEKTOR   =            57.1485014
 TENSOR ENERGIE =          -282.0833871
 LS**2 TENSOR   =            95.2474955
 ISO-TENSOR SKA =          -164.2475121
 ISO-TENSOR TEN =             0.3979470
 CHARGE ASYMMET =             0.0000000
 GESAMTE     ENERGIE =    1243.9969618



 DER 10 TE PARAMETERSATZ DER   1 TEN STRUKTUR = /  10 ) LIEFERT
 KINETISCHE ENERGIE =       393.2001521
 COULOMB ENERGIE=             0.0000000
 ZENTRAL ENERGIE=            48.0315033
 L-QUADRAT    =             167.3152323
 LS**2 SKALAR  =             59.6644360
 SPINBAHN ENERGIE =         384.6186188
 LS**2 VEKTOR   =            44.7483257
 TENSOR ENERGIE =          -224.8639267
 LS**2 TENSOR   =            74.5805373
 ISO-TENSOR SKA =           -84.7665691
 ISO-TENSOR TEN =             0.4485638
 CHARGE ASYMMET =             0.0000000
 GESAMTE     ENERGIE =     862.9768735



 DER 11 TE PARAMETERSATZ DER   1 TEN STRUKTUR = /  11 ) LIEFERT
 KINETISCHE ENERGIE =       273.3542967
 COULOMB ENERGIE=             0.0000000
 ZENTRAL ENERGIE=             8.6046870
 L-QUADRAT    =             106.2052992
 LS**2 SKALAR  =             42.1397719
 SPINBAHN ENERGIE =         257.7012232
 LS**2 VEKTOR   =            31.6048279
 TENSOR ENERGIE =          -164.0333558
 LS**2 TENSOR   =            52.6747094
 ISO-TENSOR SKA =           -41.4796710
 ISO-TENSOR TEN =             0.4736031
 CHARGE ASYMMET =             0.0000000
 GESAMTE     ENERGIE =     567.2453915



 DER 12 TE PARAMETERSATZ DER   1 TEN STRUKTUR = /  12 ) LIEFERT
 KINETISCHE ENERGIE =       190.0323988
 COULOMB ENERGIE=             0.0000000
 ZENTRAL ENERGIE=            -5.7764738
 L-QUADRAT    =              61.6272349
 LS**2 SKALAR  =             26.9364959
 SPINBAHN ENERGIE =         158.7562616
 LS**2 VEKTOR   =            20.2023713
 TENSOR ENERGIE =          -110.8343314
 LS**2 TENSOR   =            33.6706164
 ISO-TENSOR SKA =           -19.3440309
 ISO-TENSOR TEN =             0.4663983
 CHARGE ASYMMET =             0.0000000
 GESAMTE     ENERGIE =     355.7369410



 DER 13 TE PARAMETERSATZ DER   1 TEN STRUKTUR = /  13 ) LIEFERT
 KINETISCHE ENERGIE =       132.1103577
 COULOMB ENERGIE=             0.0000000
 ZENTRAL ENERGIE=            -8.0023304
 L-QUADRAT    =              32.7959415
 LS**2 SKALAR  =             15.7203476
 SPINBAHN ENERGIE =          90.2961159
 LS**2 VEKTOR   =            11.7902603
 TENSOR ENERGIE =           -70.6593954
 LS**2 TENSOR   =            19.6504325
 ISO-TENSOR SKA =            -8.6560431
 ISO-TENSOR TEN =             0.4287387
 CHARGE ASYMMET =             0.0000000
 GESAMTE     ENERGIE =     215.4744254



 DER 14 TE PARAMETERSATZ DER   1 TEN STRUKTUR = /  14 ) LIEFERT
 KINETISCHE ENERGIE =        91.8438091
 COULOMB ENERGIE=             0.0000000
 ZENTRAL ENERGIE=            -6.1600598
 L-QUADRAT    =              16.1228558
 LS**2 SKALAR  =              8.4819352
 SPINBAHN ENERGIE =          47.7791612
 LS**2 VEKTOR   =             6.3614512
 TENSOR ENERGIE =           -43.3533544
 LS**2 TENSOR   =            10.6024179
 ISO-TENSOR SKA =            -3.7437355
 ISO-TENSOR TEN =             0.3697599
 CHARGE ASYMMET =             0.0000000
 GESAMTE     ENERGIE =     128.3042406



 DER 15 TE PARAMETERSATZ DER   1 TEN STRUKTUR = /  15 ) LIEFERT
 KINETISCHE ENERGIE =        63.8417628
 COULOMB ENERGIE=             0.0000000
 ZENTRAL ENERGIE=            -3.8576891
 L-QUADRAT    =               7.3997484
 LS**2 SKALAR  =              4.2910416
 SPINBAHN ENERGIE =          23.7472901
 LS**2 VEKTOR   =             3.2182811
 TENSOR ENERGIE =           -25.9911309
 LS**2 TENSOR   =             5.3638014
 ISO-TENSOR SKA =            -1.5757387
 ISO-TENSOR TEN =             0.3012273
 CHARGE ASYMMET =             0.0000000
 GESAMTE     ENERGIE =      76.7385940



 DER 16 TE PARAMETERSATZ DER   1 TEN STRUKTUR = /  16 ) LIEFERT
 KINETISCHE ENERGIE =        44.3823622
 COULOMB ENERGIE=             0.0000000
 ZENTRAL ENERGIE=            -2.1532543
 L-QUADRAT    =               3.2155183
 LS**2 SKALAR  =              2.0654466
 SPINBAHN ENERGIE =          11.2121124
 LS**2 VEKTOR   =             1.5490849
 TENSOR ENERGIE =           -15.3391199
 LS**2 TENSOR   =             2.5818079
 ISO-TENSOR SKA =            -0.6501904
 ISO-TENSOR TEN =             0.2332657
 CHARGE ASYMMET =             0.0000000
 GESAMTE     ENERGIE =      47.0970333



 DER 17 TE PARAMETERSATZ DER   1 TEN STRUKTUR = /  17 ) LIEFERT
 KINETISCHE ENERGIE =        30.8530507
 COULOMB ENERGIE=             0.0000000
 ZENTRAL ENERGIE=            -1.1039793
 L-QUADRAT    =               1.3420067
 LS**2 SKALAR  =              0.9572274
 SPINBAHN ENERGIE =           5.0801191
 LS**2 VEKTOR   =             0.7179205
 TENSOR ENERGIE =            -8.9027505
 LS**2 TENSOR   =             1.1965342
 ISO-TENSOR SKA =            -0.2644471
 ISO-TENSOR TEN =             0.1723755
 CHARGE ASYMMET =             0.0000000
 GESAMTE     ENERGIE =      30.0480571



 DER 18 TE PARAMETERSATZ DER   1 TEN STRUKTUR = /  18 ) LIEFERT
 KINETISCHE ENERGIE =        21.4499200
 COULOMB ENERGIE=             0.0000000
 ZENTRAL ENERGIE=            -0.5233427
 L-QUADRAT    =               0.5456104
 LS**2 SKALAR  =              0.4312178
 SPINBAHN ENERGIE =           2.2302918
 LS**2 VEKTOR   =             0.3234134
 TENSOR ENERGIE =            -5.0578055
 LS**2 TENSOR   =             0.5390222
 ISO-TENSOR SKA =            -0.1065219
 ISO-TENSOR TEN =             0.1217544
 CHARGE ASYMMET =             0.0000000
 GESAMTE     ENERGIE =      19.9535599



 DER 19 TE PARAMETERSATZ DER   1 TEN STRUKTUR = /  19 ) LIEFERT
 KINETISCHE ENERGIE =        14.9081609
 COULOMB ENERGIE=             0.0000000
 ZENTRAL ENERGIE=            -0.2281894
 L-QUADRAT    =               0.2183642
 LS**2 SKALAR  =              0.1898381
 SPINBAHN ENERGIE =           0.9553500
 LS**2 VEKTOR   =             0.1423786
 TENSOR ENERGIE =            -2.7954526
 LS**2 TENSOR   =             0.2372976
 ISO-TENSOR SKA =            -0.0425704
 ISO-TENSOR TEN =             0.0821303
 CHARGE ASYMMET =             0.0000000
 GESAMTE     ENERGIE =      13.6673071

 VOR ORTHO H

           1           2           3           4           5           6           7           8           9          10
   1    1.0560E-02  1.3237E-02  1.4803E-02  1.4916E-02  1.3737E-02  1.1745E-02  9.4627E-03  7.2750E-03  5.3881E-03  3.8680E-03
   2    1.3237E-02  1.9086E-02  2.4527E-02  2.8249E-02  2.9542E-02  2.8564E-02  2.6060E-02  2.2893E-02  1.9724E-02  1.6928E-02
   3    1.4803E-02  2.4527E-02  3.6281E-02  4.7884E-02  5.6850E-02  6.1668E-02  6.2366E-02  6.0083E-02  5.6263E-02  5.2067E-02
   4    1.4916E-02  2.8249E-02  4.7884E-02  7.2238E-02  9.7241E-02  1.1806E-01  1.3152E-01  1.3727E-01  1.3709E-01  1.3346E-01
   5    1.3737E-02  2.9542E-02  5.6850E-02  9.7241E-02  1.4769E-01  2.0030E-01  2.4567E-01  2.7743E-01  2.9448E-01  2.9980E-01
   6    1.1745E-02  2.8564E-02  6.1668E-02  1.1806E-01  2.0030E-01  3.0194E-01  4.0752E-01  4.9908E-01  5.6469E-01  6.0227E-01
   7    9.4627E-03  2.6060E-02  6.2366E-02  1.3152E-01  2.4567E-01  4.0752E-01  6.0285E-01  8.0182E-01  9.7164E-01  1.0917E+00
   8    7.2750E-03  2.2893E-02  6.0083E-02  1.3727E-01  2.7743E-01  4.9908E-01  8.0182E-01  1.1552E+00  1.5042E+00  1.7924E+00
   9    5.3881E-03  1.9724E-02  5.6263E-02  1.3709E-01  2.9448E-01  5.6469E-01  9.7164E-01  1.5042E+00  2.1025E+00  2.6709E+00
  10    3.8680E-03  1.6928E-02  5.2067E-02  1.3346E-01  2.9980E-01  6.0227E-01  1.0917E+00  1.7924E+00  2.6709E+00  3.6196E+00
  11    2.6983E-03  1.4645E-02  4.8195E-02  1.2846E-01  2.9779E-01  6.1730E-01  1.1595E+00  1.9871E+00  3.1179E+00  4.4823E+00
  12    1.8259E-03  1.2874E-02  4.4955E-02  1.2343E-01  2.9231E-01  6.1791E-01  1.1859E+00  2.0882E+00  3.3966E+00  5.1187E+00
  13    1.1892E-03  1.1545E-02  4.2402E-02  1.1905E-01  2.8592E-01  6.1123E-01  1.1862E+00  2.1175E+00  3.5147E+00  5.4649E+00
  14    7.3135E-04  1.0572E-02  4.0470E-02  1.1550E-01  2.7997E-01  6.0209E-01  1.1734E+00  2.1035E+00  3.5156E+00  5.5474E+00
  15    4.0539E-04  9.8708E-03  3.9045E-02  1.1278E-01  2.7500E-01  5.9311E-01  1.1564E+00  2.0695E+00  3.4504E+00  5.4474E+00
  16    1.7514E-04  9.3709E-03  3.8014E-02  1.1075E-01  2.7111E-01  5.8542E-01  1.1398E+00  2.0308E+00  3.3597E+00  5.2543E+00
  17    1.3241E-05  9.0171E-03  3.7277E-02  1.0928E-01  2.6818E-01  5.7930E-01  1.1257E+00  1.9951E+00  3.2686E+00  5.0363E+00
  18   -1.0017E-04  8.7683E-03  3.6755E-02  1.0822E-01  2.6603E-01  5.7466E-01  1.1145E+00  1.9655E+00  3.1891E+00  4.8334E+00
  19   -1.7951E-04  8.5937E-03  3.6387E-02  1.0746E-01  2.6448E-01  5.7123E-01  1.1060E+00  1.9424E+00  3.1251E+00  4.6630E+00

          11          12          13          14          15          16          17          18          19
   1    2.6983E-03  1.8259E-03  1.1892E-03  7.3135E-04  4.0539E-04  1.7514E-04  1.3241E-05 -1.0017E-04 -1.7951E-04
   2    1.4645E-02  1.2874E-02  1.1545E-02  1.0572E-02  9.8708E-03  9.3709E-03  9.0171E-03  8.7683E-03  8.5937E-03
   3    4.8195E-02  4.4955E-02  4.2402E-02  4.0470E-02  3.9045E-02  3.8014E-02  3.7277E-02  3.6755E-02  3.6387E-02
   4    1.2846E-01  1.2343E-01  1.1905E-01  1.1550E-01  1.1278E-01  1.1075E-01  1.0928E-01  1.0822E-01  1.0746E-01
   5    2.9779E-01  2.9231E-01  2.8592E-01  2.7997E-01  2.7500E-01  2.7111E-01  2.6818E-01  2.6603E-01  2.6448E-01
   6    6.1730E-01  6.1791E-01  6.1123E-01  6.0209E-01  5.9311E-01  5.8542E-01  5.7930E-01  5.7466E-01  5.7123E-01
   7    1.1595E+00  1.1859E+00  1.1862E+00  1.1734E+00  1.1564E+00  1.1398E+00  1.1257E+00  1.1145E+00  1.1060E+00
   8    1.9871E+00  2.0882E+00  2.1175E+00  2.1035E+00  2.0695E+00  2.0308E+00  1.9951E+00  1.9655E+00  1.9424E+00
   9    3.1179E+00  3.3966E+00  3.5147E+00  3.5156E+00  3.4504E+00  3.3597E+00  3.2686E+00  3.1891E+00  3.1251E+00
  10    4.4823E+00  5.1187E+00  5.4649E+00  5.5474E+00  5.4474E+00  5.2543E+00  5.0363E+00  4.8334E+00  4.6630E+00
  11    5.9041E+00  7.1396E+00  7.9779E+00  8.3354E+00  8.2728E+00  7.9351E+00  7.4744E+00  7.0029E+00  6.5827E+00
  12    7.1396E+00  9.1887E+00  1.0894E+01  1.1937E+01  1.2202E+01  1.1808E+01  1.1002E+01  1.0040E+01  9.1027E+00
  13    7.9779E+00  1.0894E+01  1.3812E+01  1.6159E+01  1.7436E+01  1.7468E+01  1.6457E+01  1.4820E+01  1.2978E+01
  14    8.3354E+00  1.1937E+01  1.6159E+01  2.0408E+01  2.3774E+01  2.5427E+01  2.5067E+01  2.3025E+01  1.9990E+01
  15    8.2728E+00  1.2202E+01  1.7436E+01  2.3774E+01  3.0300E+01  3.5491E+01  3.7920E+01  3.7033E+01  3.3347E+01
  16    7.9351E+00  1.1808E+01  1.7468E+01  2.5427E+01  3.5491E+01  4.6149E+01  5.4782E+01  5.8866E+01  5.7365E+01
  17    7.4744E+00  1.1002E+01  1.6457E+01  2.5067E+01  3.7920E+01  5.4782E+01  7.3074E+01  8.8180E+01  9.5634E+01
  18    7.0029E+00  1.0040E+01  1.4820E+01  2.3025E+01  3.7033E+01  5.8866E+01  8.8180E+01  1.2041E+02  1.4745E+02
  19    6.5827E+00  9.1027E+00  1.2978E+01  1.9990E+01  3.3347E+01  5.7365E+01  9.5634E+01  1.4745E+02  2.0479E+02
 VOR ORTHO EN

           1           2           3           4           5           6           7           8           9          10
   1    1.1750E-06  1.7765E-06  2.4805E-06  3.2218E-06  3.9327E-06  4.5629E-06  5.0872E-06  5.5028E-06  5.8201E-06  6.0560E-06
   2    1.7765E-06  2.9159E-06  4.4085E-06  6.1557E-06  7.9954E-06  9.7596E-06  1.1323E-05  1.2625E-05  1.3656E-05  1.4443E-05
   3    2.4805E-06  4.4085E-06  7.2361E-06  1.0940E-05  1.5276E-05  1.9842E-05  2.4220E-05  2.8100E-05  3.1330E-05  3.3889E-05
   4    3.2218E-06  6.1557E-06  1.0940E-05  1.7957E-05  2.7150E-05  3.7910E-05  4.9240E-05  6.0104E-05  6.9735E-05  7.7748E-05
   5    3.9327E-06  7.9954E-06  1.5276E-05  2.7150E-05  4.4563E-05  6.7376E-05  9.4078E-05  1.2219E-04  1.4916E-04  1.7306E-04
   6    4.5629E-06  9.7596E-06  1.9842E-05  3.7910E-05  6.7376E-05  1.1059E-04  1.6720E-04  2.3346E-04  3.0324E-04  3.7015E-04
   7    5.0872E-06  1.1323E-05  2.4220E-05  4.9240E-05  9.4078E-05  1.6720E-04  2.7444E-04  4.1493E-04  5.7937E-04  7.5253E-04
   8    5.5028E-06  1.2625E-05  2.8100E-05  6.0104E-05  1.2219E-04  2.3346E-04  4.1493E-04  6.8107E-04  1.0297E-03  1.4378E-03
   9    5.8201E-06  1.3656E-05  3.1330E-05  6.9735E-05  1.4916E-04  3.0324E-04  5.7937E-04  1.0297E-03  1.6901E-03  2.5554E-03
  10    6.0560E-06  1.4443E-05  3.3889E-05  7.7748E-05  1.7306E-04  3.7015E-04  7.5253E-04  1.4378E-03  2.5554E-03  4.1943E-03
  11    6.2280E-06  1.5029E-05  3.5843E-05  8.4099E-05  1.9294E-04  4.2945E-04  9.1857E-04  1.8675E-03  3.5680E-03  6.3413E-03
  12    6.3516E-06  1.5456E-05  3.7296E-05  8.8949E-05  2.0870E-04  4.7881E-04  1.0658E-03  2.2796E-03  4.6344E-03  8.8545E-03
  13    6.4396E-06  1.5762E-05  3.8355E-05  9.2555E-05  2.2074E-04  5.1792E-04  1.1882E-03  2.6448E-03  5.6570E-03  1.1501E-02
  14    6.5017E-06  1.5981E-05  3.9116E-05  9.5183E-05  2.2969E-04  5.4779E-04  1.2853E-03  2.9487E-03  6.5634E-03  1.4038E-02
  15    6.5455E-06  1.6135E-05  3.9658E-05  9.7073E-05  2.3621E-04  5.7000E-04  1.3594E-03  3.1897E-03  7.3179E-03  1.6288E-02
  16    6.5761E-06  1.6243E-05  4.0041E-05  9.8417E-05  2.4090E-04  5.8618E-04  1.4145E-03  3.3736E-03  7.9155E-03  1.8160E-02
  17    6.5975E-06  1.6319E-05  4.0310E-05  9.9367E-05  2.4424E-04  5.9782E-04  1.4547E-03  3.5104E-03  8.3721E-03  1.9643E-02
  18    6.6124E-06  1.6373E-05  4.0499E-05  1.0003E-04  2.4659E-04  6.0610E-04  1.4836E-03  3.6100E-03  8.7114E-03  2.0776E-02
  19    6.6229E-06  1.6410E-05  4.0631E-05  1.0050E-04  2.4825E-04  6.1195E-04  1.5041E-03  3.6817E-03  8.9589E-03  2.1619E-02

          11          12          13          14          15          16          17          18          19
   1    6.2280E-06  6.3516E-06  6.4396E-06  6.5017E-06  6.5455E-06  6.5761E-06  6.5975E-06  6.6124E-06  6.6229E-06
   2    1.5029E-05  1.5456E-05  1.5762E-05  1.5981E-05  1.6135E-05  1.6243E-05  1.6319E-05  1.6373E-05  1.6410E-05
   3    3.5843E-05  3.7296E-05  3.8355E-05  3.9116E-05  3.9658E-05  4.0041E-05  4.0310E-05  4.0499E-05  4.0631E-05
   4    8.4099E-05  8.8949E-05  9.2555E-05  9.5183E-05  9.7073E-05  9.8417E-05  9.9367E-05  1.0003E-04  1.0050E-04
   5    1.9294E-04  2.0870E-04  2.2074E-04  2.2969E-04  2.3621E-04  2.4090E-04  2.4424E-04  2.4659E-04  2.4825E-04
   6    4.2945E-04  4.7881E-04  5.1792E-04  5.4779E-04  5.7000E-04  5.8618E-04  5.9782E-04  6.0610E-04  6.1195E-04
   7    9.1857E-04  1.0658E-03  1.1882E-03  1.2853E-03  1.3594E-03  1.4145E-03  1.4547E-03  1.4836E-03  1.5041E-03
   8    1.8675E-03  2.2796E-03  2.6448E-03  2.9487E-03  3.1897E-03  3.3736E-03  3.5104E-03  3.6100E-03  3.6817E-03
   9    3.5680E-03  4.6344E-03  5.6570E-03  6.5634E-03  7.3179E-03  7.9155E-03  8.3721E-03  8.7114E-03  8.9589E-03
  10    6.3413E-03  8.8545E-03  1.1501E-02  1.4038E-02  1.6288E-02  1.8160E-02  1.9643E-02  2.0776E-02  2.1619E-02
  11    1.0408E-02  1.5737E-02  2.1973E-02  2.8540E-02  3.4839E-02  4.0420E-02  4.5066E-02  4.8746E-02  5.1558E-02
  12    1.5737E-02  2.5830E-02  3.9052E-02  5.4528E-02  7.0831E-02  8.6458E-02  1.0031E-01  1.1184E-01  1.2098E-01
  13    2.1973E-02  3.9052E-02  6.4099E-02  9.6911E-02  1.3533E-01  1.7577E-01  2.1456E-01  2.4893E-01  2.7755E-01
  14    2.8540E-02  5.4528E-02  9.6911E-02  1.5906E-01  2.4052E-01  3.3583E-01  4.3620E-01  5.3242E-01  6.1777E-01
  15    3.4839E-02  7.0831E-02  1.3533E-01  2.4052E-01  3.9485E-01  5.9698E-01  8.3359E-01  1.0827E+00  1.3217E+00
  16    4.0420E-02  8.6458E-02  1.7577E-01  3.3583E-01  5.9698E-01  9.7987E-01  1.4815E+00  2.0686E+00  2.6872E+00
  17    4.5066E-02  1.0031E-01  2.1456E-01  4.3620E-01  8.3359E-01  1.4815E+00  2.4319E+00  3.6767E+00  5.1348E+00
  18    4.8746E-02  1.1184E-01  2.4893E-01  5.3242E-01  1.0827E+00  2.0686E+00  3.6767E+00  6.0343E+00  9.1257E+00
  19    5.1558E-02  1.2098E-01  2.7755E-01  6.1777E-01  1.3217E+00  2.6872E+00  5.1348E+00  9.1257E+00  1.4984E+01
  NORM UND HAMILTONMATRIX VOR DIAGONALISATION

                     1                     2                     3                     4                     5
   1    1.17498197162146E-06  1.77647179376624E-06  2.48049767452147E-06  3.22184523784065E-06  3.93273727529831E-06
   2    1.77647179376624E-06  2.91586710734139E-06  4.40854342611380E-06  6.15566892523403E-06  7.99542566626915E-06
   3    2.48049767452147E-06  4.40854342611380E-06  7.23610634558310E-06  1.09403681258880E-05  1.52761090372213E-05
   4    3.22184523784066E-06  6.15566892523403E-06  1.09403681258880E-05  1.79573056814527E-05  2.71499432736265E-05
   5    3.93273727529832E-06  7.99542566626915E-06  1.52761090372213E-05  2.71499432736265E-05  4.45634960528708E-05
   6    4.56286624579771E-06  9.75957658614684E-06  1.98416594048861E-05  3.79095168373930E-05  6.73760154946022E-05
   7    5.08723085144214E-06  1.13233342618754E-05  2.42196659553276E-05  4.92395886589644E-05  9.40775448058517E-05
   8    5.50275250167179E-06  1.26246167614853E-05  2.81003524681544E-05  6.01042074560449E-05  1.22194788399630E-04
   9    5.82012181779852E-06  1.36557781998862E-05  3.13296309038831E-05  6.97345411458974E-05  1.49156619045241E-04
  10    6.05604604181257E-06  1.44433695541707E-05  3.38885910072655E-05  7.77483883542268E-05  1.73055579678196E-04
  11    6.22801273701932E-06  1.50288263857254E-05  3.58430383966653E-05  8.40985532049720E-05  1.92942358325682E-04
  12    6.35162495763487E-06  1.54556135417974E-05  3.72960286021932E-05  8.89490959764922E-05  2.08702260543261E-04
  13    6.43958777239271E-06  1.57623583969997E-05  3.83551071556148E-05  9.25547015731116E-05  2.20738985295477E-04
  14    6.50174616997606E-06  1.59806467241345E-05  3.91163259515077E-05  9.51829043912895E-05  2.29686679812230E-04
  15    6.54546840128862E-06  1.61349506279932E-05  3.96582130758165E-05  9.70725782375348E-05  2.36211060119215E-04
  16    6.57609496701997E-06  1.62434117047693E-05  4.00409935693179E-05  9.84168306897570E-05  2.40898784406390E-04
  17    6.59750669637778E-06  1.63194225922496E-05  4.03101795453792E-05  9.93668382002759E-05  2.44235050937567E-04
  18    6.61244579078128E-06  1.63725452348184E-05  4.04987634819720E-05  1.00034689801335E-04  2.46592037731946E-04
  19    6.62286686846940E-06  1.64096455627757E-05  4.06306906468209E-05  1.00503026360763E-04  2.48250616661643E-04

                     6                     7                     8                     9                    10
   1    4.56286624579770E-06  5.08723085144213E-06  5.50275250167179E-06  5.82012181779851E-06  6.05604604181257E-06
   2    9.75957658614684E-06  1.13233342618754E-05  1.26246167614853E-05  1.36557781998862E-05  1.44433695541707E-05
   3    1.98416594048861E-05  2.42196659553275E-05  2.81003524681543E-05  3.13296309038831E-05  3.38885910072655E-05
   4    3.79095168373930E-05  4.92395886589643E-05  6.01042074560448E-05  6.97345411458973E-05  7.77483883542267E-05
   5    6.73760154946022E-05  9.40775448058517E-05  1.22194788399630E-04  1.49156619045241E-04  1.73055579678196E-04
   6    1.10589331609212E-04  1.67201642568381E-04  2.33464866488092E-04  3.03240449496813E-04  3.70149116028323E-04
   7    1.67201642568381E-04  2.74441780261180E-04  4.14933296558227E-04  5.79372868696649E-04  7.52529696781760E-04
   8    2.33464866488092E-04  4.14933296558227E-04  6.81065775236964E-04  1.02971227863406E-03  1.43779099376436E-03
   9    3.03240449496813E-04  5.79372868696649E-04  1.02971227863406E-03  1.69014864381815E-03  2.55535604050856E-03
  10    3.70149116028323E-04  7.52529696781760E-04  1.43779099376436E-03  2.55535604050856E-03  4.19430466911602E-03
  11    4.29454890836521E-04  9.18566040780913E-04  1.86748702713916E-03  3.56801158235164E-03  6.34132595861472E-03
  12    4.78809483741640E-04  1.06575101464970E-03  2.27955724762016E-03  4.63442545015614E-03  8.85451483322896E-03
  13    5.17917541923308E-04  1.18822509433551E-03  2.64480054000966E-03  5.65698027657226E-03  1.15008233140313E-02
  14    5.47787560465229E-04  1.28527539484877E-03  2.94873252903223E-03  6.56335961145769E-03  1.40383608312606E-02
  15    5.69999515582121E-04  1.35942626124197E-03  3.18965729894964E-03  7.31785966050593E-03  1.62884245088444E-02
  16    5.86184409055206E-04  1.41452767915756E-03  3.37360588200896E-03  7.91552801890382E-03  1.81601427298107E-02
  17    5.97818608351241E-04  1.45469645938397E-03  3.51036124094379E-03  8.37206348187447E-03  1.96434735654051E-02
  18    6.06095841847738E-04  1.48356103299618E-03  3.61002099430838E-03  8.71135384544409E-03  2.07761366422513E-02
  19    6.11949238941961E-04  1.50411713303171E-03  3.68170526814722E-03  8.95885401509654E-03  2.16187486759851E-02

                    11                    12                    13                    14                    15
   1    6.22801273701931E-06  6.35162495763485E-06  6.43958777239270E-06  6.50174616997606E-06  6.54546840128862E-06
   2    1.50288263857254E-05  1.54556135417974E-05  1.57623583969996E-05  1.59806467241345E-05  1.61349506279932E-05
   3    3.58430383966653E-05  3.72960286021932E-05  3.83551071556148E-05  3.91163259515077E-05  3.96582130758165E-05
   4    8.40985532049720E-05  8.89490959764921E-05  9.25547015731115E-05  9.51829043912895E-05  9.70725782375347E-05
   5    1.92942358325682E-04  2.08702260543261E-04  2.20738985295476E-04  2.29686679812229E-04  2.36211060119215E-04
   6    4.29454890836521E-04  4.78809483741640E-04  5.17917541923307E-04  5.47787560465229E-04  5.69999515582120E-04
   7    9.18566040780913E-04  1.06575101464970E-03  1.18822509433551E-03  1.28527539484877E-03  1.35942626124197E-03
   8    1.86748702713915E-03  2.27955724762016E-03  2.64480054000966E-03  2.94873252903223E-03  3.18965729894963E-03
   9    3.56801158235164E-03  4.63442545015613E-03  5.65698027657225E-03  6.56335961145768E-03  7.31785966050593E-03
  10    6.34132595861472E-03  8.85451483322895E-03  1.15008233140313E-02  1.40383608312606E-02  1.62884245088443E-02
  11    1.04082904998059E-02  1.57365764167837E-02  2.19728632232668E-02  2.85395989081268E-02  3.48387792650609E-02
  12    1.57365764167837E-02  2.58300377354348E-02  3.90524450164437E-02  5.45284440501319E-02  7.08309229334698E-02
  13    2.19728632232668E-02  3.90524450164437E-02  6.40991093782721E-02  9.69106012134241E-02  1.35330048335166E-01
  14    2.85395989081268E-02  5.45284440501319E-02  9.69106012134242E-02  1.59063102423501E-01  2.40518363539684E-01
  15    3.48387792650610E-02  7.08309229334699E-02  1.35330048335166E-01  2.40518363539684E-01  3.94849862967871E-01
  16    4.04204221316775E-02  8.64583149963988E-02  1.75773000231027E-01  3.35828677458483E-01  5.96978854391269E-01
  17    4.50655741137786E-02  1.00311652639189E-01  2.14557602338004E-01  4.36199874753125E-01  8.33592261013955E-01
  18    4.87455447674768E-02  1.11836610791939E-01  2.48926959084307E-01  5.32420141317107E-01  1.08268582025977E+00
  19    5.15583420829292E-02  1.20976039138030E-01  2.77548605513590E-01  6.17773692708329E-01  1.32173320933474E+00

                    16                    17                    18                    19
   1    6.57609496701996E-06  6.59750669637777E-06  6.61244579078127E-06  6.62286686846940E-06
   2    1.62434117047693E-05  1.63194225922496E-05  1.63725452348184E-05  1.64096455627757E-05
   3    4.00409935693179E-05  4.03101795453792E-05  4.04987634819719E-05  4.06306906468209E-05
   4    9.84168306897570E-05  9.93668382002758E-05  1.00034689801335E-04  1.00503026360763E-04
   5    2.40898784406389E-04  2.44235050937566E-04  2.46592037731946E-04  2.48250616661643E-04
   6    5.86184409055206E-04  5.97818608351241E-04  6.06095841847737E-04  6.11949238941961E-04
   7    1.41452767915756E-03  1.45469645938396E-03  1.48356103299618E-03  1.50411713303171E-03
   8    3.37360588200895E-03  3.51036124094379E-03  3.61002099430838E-03  3.68170526814722E-03
   9    7.91552801890381E-03  8.37206348187446E-03  8.71135384544409E-03  8.95885401509654E-03
