  DM-MATRIZEN WERDEN AUF MATOUTKOPIERT
  0.1000E+01  0.1000E+01  0.1000E+01  0.1000E+01  0.1000E+01  0.1000E+01  0.1000E+01
  0.1000E+01  0.1000E+01  0.1000E+01  0.1000E+01  0.1000E+01

     1
     1  1     1  0     1  1  0     0  0  0  0  0     0

     2
     1  1     1  0     1  1  2     0  0  0  0  0     0

     3
     1  1     1  0     1  1  0     0  0  0  1  1     0

     4
     1  1     1  0     1  1  2     0  0  0  1  1     0

     5
     1  1     1  0     1  1  0     0  0  0  2  2     0

     6
     1  1     1  0     1  1  2     0  0  0  2  2     0

     7
     1  1     1  0     1  1  0     0  0  0  3  3     0

     8
     1  1     1  0     1  1  2     0  0  0  3  3     0
 GESAMTDREHIMPULS =   4 /2  PARITAET = +


 OPERATOREN 
  1  1  1  1  0  1  1  1  1  1
  1  1  1  1
0/  1 ) =    1.0000 /  4 )
 BENUTZTE RADIALFUNKTIONEN    
  1  1  1  1  1  1  1  1  1  1  1  1  1  1  1  1  1  1
0/  2 ) =    1.0000 /  8 )
 BENUTZTE RADIALFUNKTIONEN    
  1  1  1  1  1  1  1  1  1  1  1  1  1  1  1  1  1  1
    1 -TE MATRIX EN,H IN ENPON,OPERATOR   14

           1           2           3           4           5           6           7           8           9          10
   1    1.1750E-06  1.8551E-06  2.6542E-06  3.4793E-06  4.2414E-06  4.8847E-06  5.3914E-06  5.7705E-06  6.0441E-06  6.2365E-06
   2    1.8551E-06  3.2449E-06  5.1232E-06  7.3302E-06  9.6088E-06  1.1714E-05  1.3490E-05  1.4889E-05  1.5936E-05  1.6692E-05
   3    2.6542E-06  5.1232E-06  8.9616E-06  1.4149E-05  2.0244E-05  2.6537E-05  3.2349E-05  3.7256E-05  4.1120E-05  4.4012E-05
   4    3.4793E-06  7.3302E-06  1.4149E-05  2.4749E-05  3.9074E-05  5.5907E-05  7.3286E-05  8.9339E-05  1.0289E-04  1.1356E-04
   5    4.2414E-06  9.6088E-06  2.0244E-05  3.9074E-05  6.8350E-05  1.0791E-04  1.5440E-04  2.0240E-04  2.4673E-04  2.8415E-04
   6    4.8847E-06  1.1714E-05  2.6537E-05  5.5907E-05  1.0791E-04  1.8876E-04  2.9802E-04  4.2640E-04  5.5896E-04  6.8139E-04
   7    5.3914E-06  1.3490E-05  3.2349E-05  7.3286E-05  1.5440E-04  2.9802E-04  5.2130E-04  8.2304E-04  1.1776E-03  1.5436E-03
   8    5.7705E-06  1.4889E-05  3.7256E-05  8.9339E-05  2.0240E-04  4.2640E-04  8.2304E-04  1.4397E-03  2.2730E-03  3.2521E-03
   9    6.0441E-06  1.5936E-05  4.1120E-05  1.0289E-04  2.4673E-04  5.5896E-04  1.1776E-03  2.2730E-03  3.9759E-03  6.2772E-03
  10    6.2365E-06  1.6692E-05  4.4012E-05  1.1356E-04  2.8415E-04  6.8139E-04  1.5436E-03  3.2521E-03  6.2772E-03  1.0980E-02
  11    6.3694E-06  1.7223E-05  4.6098E-05  1.2155E-04  3.1362E-04  7.8474E-04  1.8818E-03  4.2631E-03  8.9813E-03  1.7335E-02
  12    6.4602E-06  1.7590E-05  4.7566E-05  1.2731E-04  3.3568E-04  8.6614E-04  2.1672E-03  5.1970E-03  1.1774E-02  2.4804E-02
  13    6.5216E-06  1.7841E-05  4.8579E-05  1.3136E-04  3.5159E-04  9.2705E-04  2.3920E-03  5.9851E-03  1.4352E-02  3.2514E-02
  14    6.5630E-06  1.8011E-05  4.9272E-05  1.3416E-04  3.6278E-04  9.7100E-04  2.5602E-03  6.6060E-03  1.6529E-02  3.9637E-02
  15    6.5908E-06  1.8125E-05  4.9740E-05  1.3607E-04  3.7051E-04  1.0019E-03  2.6815E-03  7.0705E-03  1.8243E-02  4.5647E-02
  16    6.6094E-06  1.8202E-05  5.0056E-05  1.3737E-04  3.7579E-04  1.0233E-03  2.7669E-03  7.4057E-03  1.9526E-02  5.0381E-02
  17    6.6218E-06  1.8253E-05  5.0268E-05  1.3824E-04  3.7937E-04  1.0378E-03  2.8259E-03  7.6415E-03  2.0452E-02  5.3926E-02
  18    6.6301E-06  1.8287E-05  5.0410E-05  1.3882E-04  3.8178E-04  1.0477E-03  2.8661E-03  7.8043E-03  2.1103E-02  5.6481E-02
  19    0.0000E+00  0.0000E+00  0.0000E+00  0.0000E+00  0.0000E+00  0.0000E+00  0.0000E+00  0.0000E+00  0.0000E+00  0.0000E+00
  20    0.0000E+00  0.0000E+00  0.0000E+00  0.0000E+00  0.0000E+00  0.0000E+00  0.0000E+00  0.0000E+00  0.0000E+00  0.0000E+00
  21    0.0000E+00  0.0000E+00  0.0000E+00  0.0000E+00  0.0000E+00  0.0000E+00  0.0000E+00  0.0000E+00  0.0000E+00  0.0000E+00
  22    0.0000E+00  0.0000E+00  0.0000E+00  0.0000E+00  0.0000E+00  0.0000E+00  0.0000E+00  0.0000E+00  0.0000E+00  0.0000E+00
  23    0.0000E+00  0.0000E+00  0.0000E+00  0.0000E+00  0.0000E+00  0.0000E+00  0.0000E+00  0.0000E+00  0.0000E+00  0.0000E+00
  24    0.0000E+00  0.0000E+00  0.0000E+00  0.0000E+00  0.0000E+00  0.0000E+00  0.0000E+00  0.0000E+00  0.0000E+00  0.0000E+00
  25    0.0000E+00  0.0000E+00  0.0000E+00  0.0000E+00  0.0000E+00  0.0000E+00  0.0000E+00  0.0000E+00  0.0000E+00  0.0000E+00
  26    0.0000E+00  0.0000E+00  0.0000E+00  0.0000E+00  0.0000E+00  0.0000E+00  0.0000E+00  0.0000E+00  0.0000E+00  0.0000E+00
  27    0.0000E+00  0.0000E+00  0.0000E+00  0.0000E+00  0.0000E+00  0.0000E+00  0.0000E+00  0.0000E+00  0.0000E+00  0.0000E+00
  28    0.0000E+00  0.0000E+00  0.0000E+00  0.0000E+00  0.0000E+00  0.0000E+00  0.0000E+00  0.0000E+00  0.0000E+00  0.0000E+00
  29    0.0000E+00  0.0000E+00  0.0000E+00  0.0000E+00  0.0000E+00  0.0000E+00  0.0000E+00  0.0000E+00  0.0000E+00  0.0000E+00
  30    0.0000E+00  0.0000E+00  0.0000E+00  0.0000E+00  0.0000E+00  0.0000E+00  0.0000E+00  0.0000E+00  0.0000E+00  0.0000E+00
  31    0.0000E+00  0.0000E+00  0.0000E+00  0.0000E+00  0.0000E+00  0.0000E+00  0.0000E+00  0.0000E+00  0.0000E+00  0.0000E+00
  32    0.0000E+00  0.0000E+00  0.0000E+00  0.0000E+00  0.0000E+00  0.0000E+00  0.0000E+00  0.0000E+00  0.0000E+00  0.0000E+00
  33    0.0000E+00  0.0000E+00  0.0000E+00  0.0000E+00  0.0000E+00  0.0000E+00  0.0000E+00  0.0000E+00  0.0000E+00  0.0000E+00
  34    0.0000E+00  0.0000E+00  0.0000E+00  0.0000E+00  0.0000E+00  0.0000E+00  0.0000E+00  0.0000E+00  0.0000E+00  0.0000E+00
  35    0.0000E+00  0.0000E+00  0.0000E+00  0.0000E+00  0.0000E+00  0.0000E+00  0.0000E+00  0.0000E+00  0.0000E+00  0.0000E+00
  36    0.0000E+00  0.0000E+00  0.0000E+00  0.0000E+00  0.0000E+00  0.0000E+00  0.0000E+00  0.0000E+00  0.0000E+00  0.0000E+00

          11          12          13          14          15          16          17          18          19          20
   1    6.3694E-06  6.4602E-06  6.5216E-06  6.5630E-06  6.5908E-06  6.6094E-06  6.6218E-06  6.6301E-06  0.0000E+00  0.0000E+00
   2    1.7223E-05  1.7590E-05  1.7841E-05  1.8011E-05  1.8125E-05  1.8202E-05  1.8253E-05  1.8287E-05  0.0000E+00  0.0000E+00
   3    4.6098E-05  4.7566E-05  4.8579E-05  4.9272E-05  4.9740E-05  5.0056E-05  5.0268E-05  5.0410E-05  0.0000E+00  0.0000E+00
   4    1.2155E-04  1.2731E-04  1.3136E-04  1.3416E-04  1.3607E-04  1.3737E-04  1.3824E-04  1.3882E-04  0.0000E+00  0.0000E+00
   5    3.1362E-04  3.3568E-04  3.5159E-04  3.6278E-04  3.7051E-04  3.7579E-04  3.7937E-04  3.8178E-04  0.0000E+00  0.0000E+00
   6    7.8474E-04  8.6614E-04  9.2705E-04  9.7100E-04  1.0019E-03  1.0233E-03  1.0378E-03  1.0477E-03  0.0000E+00  0.0000E+00
   7    1.8818E-03  2.1672E-03  2.3920E-03  2.5602E-03  2.6815E-03  2.7669E-03  2.8259E-03  2.8661E-03  0.0000E+00  0.0000E+00
   8    4.2631E-03  5.1970E-03  5.9851E-03  6.6060E-03  7.0705E-03  7.4057E-03  7.6415E-03  7.8043E-03  0.0000E+00  0.0000E+00
   9    8.9813E-03  1.1774E-02  1.4352E-02  1.6529E-02  1.8243E-02  1.9526E-02  2.0452E-02  2.1103E-02  0.0000E+00  0.0000E+00
  10    1.7335E-02  2.4804E-02  3.2514E-02  3.9637E-02  4.5647E-02  5.0381E-02  5.3926E-02  5.6481E-02  0.0000E+00  0.0000E+00
  11    3.0323E-02  4.7878E-02  6.8500E-02  8.9796E-02  1.0946E-01  1.2606E-01  1.3914E-01  1.4892E-01  0.0000E+00  0.0000E+00
  12    4.7878E-02  8.3756E-02  1.3223E-01  1.8920E-01  2.4801E-01  3.0233E-01  3.4822E-01  3.8431E-01  0.0000E+00  0.0000E+00
  13    6.8500E-02  1.3223E-01  2.3128E-01  3.6517E-01  5.2244E-01  6.8486E-01  8.3496E-01  9.6152E-01  0.0000E+00  0.0000E+00
  14    8.9796E-02  1.8920E-01  3.6517E-01  6.3881E-01  1.0085E+00  1.4430E+00  1.8918E+00  2.3059E+00  0.0000E+00  0.0000E+00
  15    1.0946E-01  2.4801E-01  5.2244E-01  1.0085E+00  1.7638E+00  2.7848E+00  3.9852E+00  5.2231E+00  0.0000E+00  0.0000E+00
  16    1.2606E-01  3.0233E-01  6.8486E-01  1.4430E+00  2.7848E+00  4.8713E+00  7.6927E+00  1.1004E+01  0.0000E+00  0.0000E+00
  17    1.3914E-01  3.4822E-01  8.3496E-01  1.8918E+00  3.9852E+00  7.6927E+00  1.3461E+01  2.1248E+01  0.0000E+00  0.0000E+00
  18    1.4892E-01  3.8431E-01  9.6152E-01  2.3059E+00  5.2231E+00  1.1004E+01  2.1248E+01  3.7156E+01  0.0000E+00  0.0000E+00
  19    0.0000E+00  0.0000E+00  0.0000E+00  0.0000E+00  0.0000E+00  0.0000E+00  0.0000E+00  0.0000E+00  2.5703E-10  5.8476E-10
  20    0.0000E+00  0.0000E+00  0.0000E+00  0.0000E+00  0.0000E+00  0.0000E+00  0.0000E+00  0.0000E+00  5.8476E-10  1.5999E-09
  21    0.0000E+00  0.0000E+00  0.0000E+00  0.0000E+00  0.0000E+00  0.0000E+00  0.0000E+00  0.0000E+00  1.1143E-09  3.6399E-09
  22    0.0000E+00  0.0000E+00  0.0000E+00  0.0000E+00  0.0000E+00  0.0000E+00  0.0000E+00  0.0000E+00  1.8139E-09  6.9363E-09
  23    0.0000E+00  0.0000E+00  0.0000E+00  0.0000E+00  0.0000E+00  0.0000E+00  0.0000E+00  0.0000E+00  2.5909E-09  1.1291E-08
  24    0.0000E+00  0.0000E+00  0.0000E+00  0.0000E+00  0.0000E+00  0.0000E+00  0.0000E+00  0.0000E+00  3.3407E-09  1.6127E-08
  25    0.0000E+00  0.0000E+00  0.0000E+00  0.0000E+00  0.0000E+00  0.0000E+00  0.0000E+00  0.0000E+00  3.9901E-09  2.0795E-08
  26    0.0000E+00  0.0000E+00  0.0000E+00  0.0000E+00  0.0000E+00  0.0000E+00  0.0000E+00  0.0000E+00  4.5093E-09  2.4837E-08
  27    0.0000E+00  0.0000E+00  0.0000E+00  0.0000E+00  0.0000E+00  0.0000E+00  0.0000E+00  0.0000E+00  4.9014E-09  2.8069E-08
  28    0.0000E+00  0.0000E+00  0.0000E+00  0.0000E+00  0.0000E+00  0.0000E+00  0.0000E+00  0.0000E+00  5.1858E-09  3.0510E-08
  29    0.0000E+00  0.0000E+00  0.0000E+00  0.0000E+00  0.0000E+00  0.0000E+00  0.0000E+00  0.0000E+00  5.3865E-09  3.2280E-08
  30    0.0000E+00  0.0000E+00  0.0000E+00  0.0000E+00  0.0000E+00  0.0000E+00  0.0000E+00  0.0000E+00  5.5254E-09  3.3529E-08
  31    0.0000E+00  0.0000E+00  0.0000E+00  0.0000E+00  0.0000E+00  0.0000E+00  0.0000E+00  0.0000E+00  5.6204E-09  3.4394E-08
  32    0.0000E+00  0.0000E+00  0.0000E+00  0.0000E+00  0.0000E+00  0.0000E+00  0.0000E+00  0.0000E+00  5.6848E-09  3.4985E-08
  33    0.0000E+00  0.0000E+00  0.0000E+00  0.0000E+00  0.0000E+00  0.0000E+00  0.0000E+00  0.0000E+00  5.7281E-09  3.5386E-08
  34    0.0000E+00  0.0000E+00  0.0000E+00  0.0000E+00  0.0000E+00  0.0000E+00  0.0000E+00  0.0000E+00  5.7572E-09  3.5656E-08
  35    0.0000E+00  0.0000E+00  0.0000E+00  0.0000E+00  0.0000E+00  0.0000E+00  0.0000E+00  0.0000E+00  5.7767E-09  3.5837E-08
  36    0.0000E+00  0.0000E+00  0.0000E+00  0.0000E+00  0.0000E+00  0.0000E+00  0.0000E+00  0.0000E+00  5.7898E-09  3.5958E-08

          21          22          23          24          25          26          27          28          29          30
   1    0.0000E+00  0.0000E+00  0.0000E+00  0.0000E+00  0.0000E+00  0.0000E+00  0.0000E+00  0.0000E+00  0.0000E+00  0.0000E+00
   2    0.0000E+00  0.0000E+00  0.0000E+00  0.0000E+00  0.0000E+00  0.0000E+00  0.0000E+00  0.0000E+00  0.0000E+00  0.0000E+00
   3    0.0000E+00  0.0000E+00  0.0000E+00  0.0000E+00  0.0000E+00  0.0000E+00  0.0000E+00  0.0000E+00  0.0000E+00  0.0000E+00
   4    0.0000E+00  0.0000E+00  0.0000E+00  0.0000E+00  0.0000E+00  0.0000E+00  0.0000E+00  0.0000E+00  0.0000E+00  0.0000E+00
   5    0.0000E+00  0.0000E+00  0.0000E+00  0.0000E+00  0.0000E+00  0.0000E+00  0.0000E+00  0.0000E+00  0.0000E+00  0.0000E+00
   6    0.0000E+00  0.0000E+00  0.0000E+00  0.0000E+00  0.0000E+00  0.0000E+00  0.0000E+00  0.0000E+00  0.0000E+00  0.0000E+00
   7    0.0000E+00  0.0000E+00  0.0000E+00  0.0000E+00  0.0000E+00  0.0000E+00  0.0000E+00  0.0000E+00  0.0000E+00  0.0000E+00
   8    0.0000E+00  0.0000E+00  0.0000E+00  0.0000E+00  0.0000E+00  0.0000E+00  0.0000E+00  0.0000E+00  0.0000E+00  0.0000E+00
   9    0.0000E+00  0.0000E+00  0.0000E+00  0.0000E+00  0.0000E+00  0.0000E+00  0.0000E+00  0.0000E+00  0.0000E+00  0.0000E+00
  10    0.0000E+00  0.0000E+00  0.0000E+00  0.0000E+00  0.0000E+00  0.0000E+00  0.0000E+00  0.0000E+00  0.0000E+00  0.0000E+00
  11    0.0000E+00  0.0000E+00  0.0000E+00  0.0000E+00  0.0000E+00  0.0000E+00  0.0000E+00  0.0000E+00  0.0000E+00  0.0000E+00
  12    0.0000E+00  0.0000E+00  0.0000E+00  0.0000E+00  0.0000E+00  0.0000E+00  0.0000E+00  0.0000E+00  0.0000E+00  0.0000E+00
  13    0.0000E+00  0.0000E+00  0.0000E+00  0.0000E+00  0.0000E+00  0.0000E+00  0.0000E+00  0.0000E+00  0.0000E+00  0.0000E+00
  14    0.0000E+00  0.0000E+00  0.0000E+00  0.0000E+00  0.0000E+00  0.0000E+00  0.0000E+00  0.0000E+00  0.0000E+00  0.0000E+00
  15    0.0000E+00  0.0000E+00  0.0000E+00  0.0000E+00  0.0000E+00  0.0000E+00  0.0000E+00  0.0000E+00  0.0000E+00  0.0000E+00
  16    0.0000E+00  0.0000E+00  0.0000E+00  0.0000E+00  0.0000E+00  0.0000E+00  0.0000E+00  0.0000E+00  0.0000E+00  0.0000E+00
  17    0.0000E+00  0.0000E+00  0.0000E+00  0.0000E+00  0.0000E+00  0.0000E+00  0.0000E+00  0.0000E+00  0.0000E+00  0.0000E+00
  18    0.0000E+00  0.0000E+00  0.0000E+00  0.0000E+00  0.0000E+00  0.0000E+00  0.0000E+00  0.0000E+00  0.0000E+00  0.0000E+00
  19    1.1143E-09  1.8139E-09  2.5909E-09  3.3407E-09  3.9901E-09  4.5093E-09  4.9014E-09  5.1858E-09  5.3865E-09  5.5254E-09
  20    3.6399E-09  6.9363E-09  1.1291E-08  1.6127E-08  2.0795E-08  2.4837E-08  2.8069E-08  3.0510E-08  3.2280E-08  3.3529E-08
  21    9.9589E-09  2.2657E-08  4.3176E-08  7.0283E-08  1.0039E-07  1.2944E-07  1.5460E-07  1.7472E-07  1.8991E-07  2.0093E-07
  22    2.2657E-08  6.1991E-08  1.4104E-07  2.6876E-07  4.3749E-07  6.2489E-07  8.0573E-07  9.6235E-07  1.0876E-06  1.1822E-06
  23    4.3176E-08  1.4104E-07  3.8588E-07  8.7791E-07  1.6729E-06  2.7232E-06  3.8897E-06  5.0154E-06  5.9903E-06  6.7700E-06
  24    7.0283E-08  2.6876E-07  8.7791E-07  2.4020E-06  5.4647E-06  1.0414E-05  1.6951E-05  2.4212E-05  3.1220E-05  3.7289E-05
  25    1.0039E-07  4.3749E-07  1.6729E-06  5.4647E-06  1.4951E-05  3.4016E-05  6.4820E-05  1.0551E-04  1.5071E-04  1.9433E-04
  26    1.2944E-07  6.2489E-07  2.7232E-06  1.0414E-05  3.4016E-05  9.3068E-05  2.1174E-04  4.0348E-04  6.5679E-04  9.3817E-04
  27    1.5460E-07  8.0573E-07  3.8897E-06  1.6951E-05  6.4820E-05  2.1174E-04  5.7931E-04  1.3180E-03  2.5115E-03  4.0885E-03
  28    1.7472E-07  9.6235E-07  5.0154E-06  2.4212E-05  1.0551E-04  4.0348E-04  1.3180E-03  3.6059E-03  8.2036E-03  1.5634E-02
  29    1.8991E-07  1.0876E-06  5.9903E-06  3.1220E-05  1.5071E-04  6.5679E-04  2.5115E-03  8.2036E-03  2.2445E-02  5.1070E-02
  30    2.0093E-07  1.1822E-06  6.7700E-06  3.7289E-05  1.9433E-04  9.3817E-04  4.0885E-03  1.5634E-02  5.1070E-02  1.3975E-01
  31    2.0871E-07  1.2507E-06  7.3585E-06  4.2141E-05  2.3210E-04  1.2096E-03  5.8395E-03  2.5448E-02  9.7311E-02  3.1792E-01
  32    2.1409E-07  1.2991E-06  7.7855E-06  4.5806E-05  2.6231E-04  1.4448E-03  7.5297E-03  3.6349E-02  1.5841E-01  6.0588E-01
  33    2.1777E-07  1.3326E-06  8.0867E-06  4.8463E-05  2.8511E-04  1.6328E-03  8.9930E-03  4.6866E-02  2.2625E-01  9.8617E-01
  34    2.2026E-07  1.3556E-06  8.2953E-06  5.0338E-05  3.0166E-04  1.7748E-03  1.0163E-02  5.5977E-02  2.9173E-01  1.4086E+00
  35    2.2195E-07  1.3711E-06  8.4380E-06  5.1637E-05  3.1333E-04  1.8778E-03  1.1048E-02  6.3265E-02  3.4847E-01  1.8166E+00
  36    2.2307E-07  1.3815E-06  8.5346E-06  5.2524E-05  3.2141E-04  1.9504E-03  1.1688E-02  6.8762E-02  3.9379E-01  2.1695E+00

          31          32          33          34          35          36
   1    0.0000E+00  0.0000E+00  0.0000E+00  0.0000E+00  0.0000E+00  0.0000E+00
   2    0.0000E+00  0.0000E+00  0.0000E+00  0.0000E+00  0.0000E+00  0.0000E+00
   3    0.0000E+00  0.0000E+00  0.0000E+00  0.0000E+00  0.0000E+00  0.0000E+00
   4    0.0000E+00  0.0000E+00  0.0000E+00  0.0000E+00  0.0000E+00  0.0000E+00
   5    0.0000E+00  0.0000E+00  0.0000E+00  0.0000E+00  0.0000E+00  0.0000E+00
   6    0.0000E+00  0.0000E+00  0.0000E+00  0.0000E+00  0.0000E+00  0.0000E+00
   7    0.0000E+00  0.0000E+00  0.0000E+00  0.0000E+00  0.0000E+00  0.0000E+00
   8    0.0000E+00  0.0000E+00  0.0000E+00  0.0000E+00  0.0000E+00  0.0000E+00
   9    0.0000E+00  0.0000E+00  0.0000E+00  0.0000E+00  0.0000E+00  0.0000E+00
  10    0.0000E+00  0.0000E+00  0.0000E+00  0.0000E+00  0.0000E+00  0.0000E+00
  11    0.0000E+00  0.0000E+00  0.0000E+00  0.0000E+00  0.0000E+00  0.0000E+00
  12    0.0000E+00  0.0000E+00  0.0000E+00  0.0000E+00  0.0000E+00  0.0000E+00
  13    0.0000E+00  0.0000E+00  0.0000E+00  0.0000E+00  0.0000E+00  0.0000E+00
  14    0.0000E+00  0.0000E+00  0.0000E+00  0.0000E+00  0.0000E+00  0.0000E+00
  15    0.0000E+00  0.0000E+00  0.0000E+00  0.0000E+00  0.0000E+00  0.0000E+00
  16    0.0000E+00  0.0000E+00  0.0000E+00  0.0000E+00  0.0000E+00  0.0000E+00
  17    0.0000E+00  0.0000E+00  0.0000E+00  0.0000E+00  0.0000E+00  0.0000E+00
  18    0.0000E+00  0.0000E+00  0.0000E+00  0.0000E+00  0.0000E+00  0.0000E+00
  19    5.6204E-09  5.6848E-09  5.7281E-09  5.7572E-09  5.7767E-09  5.7898E-09
  20    3.4394E-08  3.4985E-08  3.5386E-08  3.5656E-08  3.5837E-08  3.5958E-08
  21    2.0871E-07  2.1409E-07  2.1777E-07  2.2026E-07  2.2195E-07  2.2307E-07
  22    1.2507E-06  1.2991E-06  1.3326E-06  1.3556E-06  1.3711E-06  1.3815E-06
  23    7.3585E-06  7.7855E-06  8.0867E-06  8.2953E-06  8.4380E-06  8.5346E-06
  24    4.2141E-05  4.5806E-05  4.8463E-05  5.0338E-05  5.1637E-05  5.2524E-05
  25    2.3210E-04  2.6231E-04  2.8511E-04  3.0166E-04  3.1333E-04  3.2141E-04
  26    1.2096E-03  1.4448E-03  1.6328E-03  1.7748E-03  1.8778E-03  1.9504E-03
  27    5.8395E-03  7.5297E-03  8.9930E-03  1.0163E-02  1.1048E-02  1.1688E-02
  28    2.5448E-02  3.6349E-02  4.6866E-02  5.5977E-02  6.3265E-02  6.8762E-02
  29    9.7311E-02  1.5841E-01  2.2625E-01  2.9173E-01  3.4847E-01  3.9379E-01
  30    3.1792E-01  6.0588E-01  9.8617E-01  1.4086E+00  1.8166E+00  2.1695E+00
  31    8.6974E-01  1.9789E+00  3.7705E+00  6.1378E+00  8.7685E+00  1.1304E+01
  32    1.9789E+00  5.4149E+00  1.2318E+01  2.3474E+01  3.8221E+01  5.4582E+01
  33    3.7705E+00  1.2318E+01  3.3693E+01  7.6657E+01  1.4612E+02  2.3779E+02
  34    6.1378E+00  2.3474E+01  7.6657E+01  2.0974E+02  4.7739E+02  9.0936E+02
  35    8.7685E+00  3.8221E+01  1.4612E+02  4.7739E+02  1.3070E+03  2.9724E+03
  36    1.1304E+01  5.4582E+01  2.3779E+02  9.0936E+02  2.9724E+03  8.1279E+03
    2 -TE MATRIX EN,H IN ENPON,OPERATOR   14

           1           2           3           4           5           6           7           8           9          10
   1    8.7086E-03  1.0596E-02  1.0859E-02  9.2883E-03  6.3984E-03  2.9932E-03 -2.6411E-04 -3.0156E-03 -5.1612E-03 -6.7485E-03
   2    1.0596E-02  1.5539E-02  1.9303E-02  2.0232E-02  1.7852E-02  1.3022E-02  7.1716E-03  1.5036E-03 -3.3167E-03 -7.0908E-03
   3    1.0859E-02  1.9303E-02  2.9204E-02  3.7327E-02  4.0418E-02  3.7380E-02  2.9644E-02  1.9788E-02  1.0038E-02  1.6553E-03
   4    9.2883E-03  2.0232E-02  3.7327E-02  5.7891E-02  7.5582E-02  8.3929E-02  8.0581E-02  6.8065E-02  5.1166E-02  3.4082E-02
   5    6.3984E-03  1.7852E-02  4.0418E-02  7.5582E-02  1.1772E-01  1.5421E-01  1.7251E-01  1.6817E-01  1.4608E-01  1.1538E-01
   6    2.9932E-03  1.3022E-02  3.7380E-02  8.3929E-02  1.5421E-01  2.3607E-01  3.0500E-01  3.3790E-01  3.2746E-01  2.8376E-01
   7   -2.6411E-04  7.1716E-03  2.9644E-02  8.0581E-02  1.7251E-01  3.0500E-01  4.5317E-01  5.7200E-01  6.2120E-01  5.9011E-01
   8   -3.0156E-03  1.5036E-03  1.9788E-02  6.8065E-02  1.6817E-01  3.3790E-01  5.7200E-01  8.2472E-01  1.0178E+00  1.0830E+00
   9   -5.1612E-03 -3.3167E-03  1.0038E-02  5.1166E-02  1.4608E-01  3.2746E-01  6.2120E-01  1.0178E+00  1.4417E+00  1.7595E+00
  10   -6.7485E-03 -7.0908E-03  1.6553E-03  3.4082E-02  1.1538E-01  2.8376E-01  5.9011E-01  1.0830E+00  1.7595E+00  2.4981E+00
  11   -7.8825E-03 -9.8900E-03 -4.9483E-03  1.9240E-02  8.4053E-02  2.2434E-01  4.9914E-01  1.0045E+00  1.8517E+00  3.0634E+00
  12   -8.6740E-03 -1.1893E-02 -9.8647E-03  7.4783E-03  5.6724E-02  1.6423E-01  3.8131E-01  8.2082E-01  1.6898E+00  3.2334E+00
  13   -9.2178E-03 -1.3292E-02 -1.3390E-02 -1.3043E-03  3.5032E-02  1.1207E-01  2.6440E-01  5.9249E-01  1.3425E+00  2.9481E+00
  14   -9.5876E-03 -1.4254E-02 -1.5856E-02 -7.6173E-03  1.8808E-02  7.0763E-02  1.6383E-01  3.6935E-01  9.1777E-01  2.3259E+00
  15   -9.8373E-03 -1.4908E-02 -1.7554E-02 -1.2039E-02  7.1440E-03  3.9938E-02  8.4648E-02  1.7896E-01  5.0540E-01  1.5612E+00
  16   -1.0005E-02 -1.5351E-02 -1.8709E-02 -1.5085E-02 -1.0327E-03  1.7790E-02  2.5710E-02  2.9620E-02  1.5434E-01  8.1620E-01
  17   -1.0118E-02 -1.5648E-02 -1.9491E-02 -1.7161E-02 -6.6690E-03  2.2709E-03 -1.6563E-02 -8.1282E-02 -1.2070E-01  1.8074E-01
  18   -1.0193E-02 -1.5847E-02 -2.0016E-02 -1.8563E-02 -1.0504E-02 -8.4046E-03 -4.6098E-02 -1.6058E-01 -3.2445E-01 -3.1685E-01
  19    1.5166E-06  3.4402E-06  6.4391E-06  1.0252E-05  1.4344E-05  1.8184E-05  2.1439E-05  2.4001E-05  2.5914E-05  2.7292E-05
  20    3.4402E-06  9.1007E-06  1.9691E-05  3.5595E-05  5.5261E-05  7.5939E-05  9.5061E-05  1.1110E-04  1.2364E-04  1.3296E-04
  21    6.4391E-06  1.9691E-05  4.9370E-05  1.0251E-04  1.7959E-04  2.7240E-04  3.6803E-04  4.5514E-04  5.2745E-04  5.8353E-04
  22    1.0252E-05  3.5595E-05  1.0251E-04  2.4483E-04  4.8879E-04  8.3008E-04  1.2290E-03  1.6306E-03  1.9902E-03  2.2849E-03
  23    1.4344E-05  5.5261E-05  1.7959E-04  4.8879E-04  1.1115E-03  2.1277E-03  3.4893E-03  5.0249E-03  6.5276E-03  7.8444E-03
  24    1.8184E-05  7.5939E-05  2.7240E-04  8.3008E-04  2.1277E-03  4.5779E-03  8.3419E-03  1.3126E-02  1.8292E-02  2.3179E-02
  25    2.1439E-05  9.5061E-05  3.6803E-04  1.2290E-03  3.4893E-03  8.3419E-03  1.6808E-02  2.8911E-02  4.3387E-02  5.8288E-02
  26    2.4001E-05  1.1110E-04  4.5514E-04  1.6306E-03  5.0249E-03  1.3126E-02  2.8911E-02  5.4071E-02  8.7386E-02  1.2493E-01
  27    2.5914E-05  1.2364E-04  5.2745E-04  1.9902E-03  6.5276E-03  1.8292E-02  4.3387E-02  8.7386E-02  1.5159E-01  2.3119E-01
  28    2.7292E-05  1.3296E-04  5.8353E-04  2.2849E-03  7.8444E-03  2.3179E-02  5.8288E-02  1.2493E-01  2.3119E-01  3.7652E-01
  29    2.8258E-05  1.3964E-04  6.2499E-04  2.5114E-03  8.9068E-03  2.7355E-02  7.1892E-02  1.6193E-01  3.1703E-01  5.5031E-01
  30    2.8925E-05  1.4433E-04  6.5462E-04  2.6778E-03  9.7145E-03  3.0665E-02  8.3224E-02  1.9471E-01  3.9939E-01  7.3478E-01
  31    2.9380E-05  1.4755E-04  6.7532E-04  2.7962E-03  1.0303E-02  3.3148E-02  9.2042E-02  2.2147E-01  4.7120E-01  9.1093E-01
  32    2.9687E-05  1.4975E-04  6.8955E-04  2.8786E-03  1.0720E-02  3.4943E-02  9.8581E-02  2.4202E-01  5.2930E-01  1.0647E+00
  33    2.9895E-05  1.5123E-04  6.9924E-04  2.9352E-03  1.1009E-02  3.6206E-02  1.0326E-01  2.5712E-01  5.7368E-01  1.1893E+00
  34    3.0034E-05  1.5223E-04  7.0578E-04  2.9737E-03  1.1207E-02  3.7078E-02  1.0654E-01  2.6787E-01  6.0621E-01  1.2847E+00
  35    3.0127E-05  1.5290E-04  7.1019E-04  2.9997E-03  1.1341E-02  3.7675E-02  1.0880E-01  2.7538E-01  6.2935E-01  1.3548E+00
  36    3.0189E-05  1.5335E-04  7.1314E-04  3.0171E-03  1.1432E-02  3.8078E-02  1.1034E-01  2.8052E-01  6.4545E-01  1.4047E+00

          11          12          13          14          15          16          17          18          19          20
   1   -7.8825E-03 -8.6740E-03 -9.2178E-03 -9.5876E-03 -9.8373E-03 -1.0005E-02 -1.0118E-02 -1.0193E-02  1.5166E-06  3.4402E-06
   2   -9.8900E-03 -1.1893E-02 -1.3292E-02 -1.4254E-02 -1.4908E-02 -1.5351E-02 -1.5648E-02 -1.5847E-02  3.4402E-06  9.1007E-06
   3   -4.9483E-03 -9.8647E-03 -1.3390E-02 -1.5856E-02 -1.7554E-02 -1.8709E-02 -1.9491E-02 -2.0016E-02  6.4391E-06  1.9691E-05
   4    1.9240E-02  7.4783E-03 -1.3043E-03 -7.6173E-03 -1.2039E-02 -1.5085E-02 -1.7161E-02 -1.8563E-02  1.0252E-05  3.5595E-05
   5    8.4053E-02  5.6724E-02  3.5032E-02  1.8808E-02  7.1440E-03 -1.0327E-03 -6.6690E-03 -1.0504E-02  1.4344E-05  5.5261E-05
   6    2.2434E-01  1.6423E-01  1.1207E-01  7.0763E-02  3.9938E-02  1.7790E-02  2.2709E-03 -8.4046E-03  1.8184E-05  7.5939E-05
   7    4.9914E-01  3.8131E-01  2.6440E-01  1.6383E-01  8.4648E-02  2.5710E-02 -1.6563E-02 -4.6098E-02  2.1439E-05  9.5061E-05
   8    1.0045E+00  8.2082E-01  5.9249E-01  3.6935E-01  1.7896E-01  2.9620E-02 -8.1282E-02 -1.6058E-01  2.4001E-05  1.1110E-04
   9    1.8517E+00  1.6898E+00  1.3425E+00  9.1777E-01  5.0540E-01  1.5434E-01 -1.2070E-01 -3.2445E-01  2.5914E-05  1.2364E-04
  10    3.0634E+00  3.2334E+00  2.9481E+00  2.3259E+00  1.5612E+00  8.1620E-01  1.8074E-01 -3.1685E-01  2.7292E-05  1.3296E-04
  11    4.4306E+00  5.5144E+00  5.8902E+00  5.4314E+00  4.3464E+00  2.9872E+00  1.6524E+00  5.1115E-01  2.8258E-05  1.3964E-04
  12    5.5144E+00  8.1407E+00  1.0277E+01  1.1116E+01  1.0406E+01  8.5193E+00  6.1020E+00  3.7112E+00  2.8925E-05  1.4433E-04
  13    5.8902E+00  1.0277E+01  1.5351E+01  1.9542E+01  2.1328E+01  2.0229E+01  1.6922E+01  1.2605E+01  2.9380E-05  1.4755E-04
  14    5.4314E+00  1.1116E+01  1.9542E+01  2.9274E+01  3.7371E+01  4.1009E+01  3.9276E+01  3.3425E+01  2.9687E-05  1.4975E-04
  15    4.3464E+00  1.0406E+01  2.1328E+01  3.7371E+01  5.5830E+01  7.1256E+01  7.8408E+01  7.5593E+01  2.9895E-05  1.5123E-04
  16    2.9872E+00  8.5193E+00  2.0229E+01  4.1009E+01  7.1256E+01  1.0596E+02  1.3501E+02  1.4871E+02  3.0034E-05  1.5223E-04
  17    1.6524E+00  6.1020E+00  1.6922E+01  3.9276E+01  7.8408E+01  1.3501E+02  1.9978E+02  2.5395E+02  3.0127E-05  1.5290E-04
  18    5.1115E-01  3.7112E+00  1.2605E+01  3.3425E+01  7.5593E+01  1.4871E+02  2.5395E+02  3.7387E+02  3.0189E-05  1.5335E-04
  19    2.8258E-05  2.8925E-05  2.9380E-05  2.9687E-05  2.9895E-05  3.0034E-05  3.0127E-05  3.0189E-05  5.9703E-06  1.1598E-05
  20    1.3964E-04  1.4433E-04  1.4755E-04  1.4975E-04  1.5123E-04  1.5223E-04  1.5290E-04  1.5335E-04  1.1598E-05  2.8306E-05
  21    6.2499E-04  6.5462E-04  6.7532E-04  6.8955E-04  6.9924E-04  7.0578E-04  7.1019E-04  7.1314E-04  1.8517E-05  5.6081E-05
  22    2.5114E-03  2.6778E-03  2.7962E-03  2.8786E-03  2.9352E-03  2.9737E-03  2.9997E-03  3.0171E-03  2.5054E-05  9.1644E-05
  23    8.9068E-03  9.7145E-03  1.0303E-02  1.0720E-02  1.1009E-02  1.1207E-02  1.1341E-02  1.1432E-02  2.9875E-05  1.2742E-04
  24    2.7355E-02  3.0665E-02  3.3148E-02  3.4943E-02  3.6206E-02  3.7078E-02  3.7675E-02  3.8078E-02  3.2661E-05  1.5663E-04
  25    7.1892E-02  8.3224E-02  9.2042E-02  9.8581E-02  1.0326E-01  1.0654E-01  1.0880E-01  1.1034E-01  3.3852E-05  1.7678E-04
  26    1.6193E-01  1.9471E-01  2.2147E-01  2.4202E-01  2.5712E-01  2.6787E-01  2.7538E-01  2.8052E-01  3.4093E-05  1.8895E-04
  27    3.1703E-01  3.9939E-01  4.7120E-01  5.2930E-01  5.7368E-01  6.0621E-01  6.2935E-01  6.4545E-01  3.3894E-05  1.9562E-04
  28    5.5031E-01  7.3478E-01  9.1093E-01  1.0647E+00  1.1893E+00  1.2847E+00  1.3548E+00  1.4047E+00  3.3558E-05  1.9901E-04
  29    8.6205E-01  1.2345E+00  1.6329E+00  2.0168E+00  2.3538E+00  2.6284E+00  2.8393E+00  2.9942E+00  3.3228E-05  2.0064E-04
  30    1.2345E+00  1.9101E+00  2.7284E+00  3.6113E+00  4.4639E+00  5.2124E+00  5.8209E+00  6.2866E+00  3.2955E-05  2.0139E-04
  31    1.6329E+00  2.7284E+00  4.2264E+00  6.0410E+00  7.9815E+00  9.8354E+00  1.1446E+01  1.2742E+01  3.2749E-05  2.0173E-04
  32    2.0168E+00  3.6113E+00  6.0410E+00  9.3227E+00  1.3210E+01  1.7275E+01  2.1082E+01  2.4332E+01  3.2600E-05  2.0187E-04
  33    2.3538E+00  4.4639E+00  7.9815E+00  1.3210E+01  2.0030E+01  2.7842E+01  3.5774E+01  4.3014E+01  3.2495E-05  2.0192E-04
  34    2.6284E+00  5.2124E+00  9.8354E+00  1.7275E+01  2.7842E+01  4.1035E+01  5.5566E+01  6.9817E+01  3.2423E-05  2.0194E-04
  35    2.8393E+00  5.8209E+00  1.1446E+01  2.1082E+01  3.5774E+01  5.5566E+01  7.9100E+01  1.0391E+02  3.2374E-05  2.0194E-04
  36    2.9942E+00  6.2866E+00  1.2742E+01  2.4332E+01  4.3014E+01  6.9817E+01  1.0391E+02  1.4235E+02  3.2341E-05  2.0194E-04

          21          22          23          24          25          26          27          28          29          30
   1    6.4391E-06  1.0252E-05  1.4344E-05  1.8184E-05  2.1439E-05  2.4001E-05  2.5914E-05  2.7292E-05  2.8258E-05  2.8925E-05
   2    1.9691E-05  3.5595E-05  5.5261E-05  7.5939E-05  9.5061E-05  1.1110E-04  1.2364E-04  1.3296E-04  1.3964E-04  1.4433E-04
   3    4.9370E-05  1.0251E-04  1.7959E-04  2.7240E-04  3.6803E-04  4.5514E-04  5.2745E-04  5.8353E-04  6.2499E-04  6.5462E-04
   4    1.0251E-04  2.4483E-04  4.8879E-04  8.3008E-04  1.2290E-03  1.6306E-03  1.9902E-03  2.2849E-03  2.5114E-03  2.6778E-03
   5    1.7959E-04  4.8879E-04  1.1115E-03  2.1277E-03  3.4893E-03  5.0249E-03  6.5276E-03  7.8444E-03  8.9068E-03  9.7145E-03
   6    2.7240E-04  8.3008E-04  2.1277E-03  4.5779E-03  8.3419E-03  1.3126E-02  1.8292E-02  2.3179E-02  2.7355E-02  3.0665E-02
   7    3.6803E-04  1.2290E-03  3.4893E-03  8.3419E-03  1.6808E-02  2.8911E-02  4.3387E-02  5.8288E-02  7.1892E-02  8.3224E-02
   8    4.5514E-04  1.6306E-03  5.0249E-03  1.3126E-02  2.8911E-02  5.4071E-02  8.7386E-02  1.2493E-01  1.6193E-01  1.9471E-01
   9    5.2745E-04  1.9902E-03  6.5276E-03  1.8292E-02  4.3387E-02  8.7386E-02  1.5159E-01  2.3119E-01  3.1703E-01  3.9939E-01
  10    5.8353E-04  2.2849E-03  7.8444E-03  2.3179E-02  5.8288E-02  1.2493E-01  2.3119E-01  3.7652E-01  5.5031E-01  7.3478E-01
  11    6.2499E-04  2.5114E-03  8.9068E-03  2.7355E-02  7.1892E-02  1.6193E-01  3.1703E-01  5.5031E-01  8.6205E-01  1.2345E+00
  12    6.5462E-04  2.6778E-03  9.7145E-03  3.0665E-02  8.3224E-02  1.9471E-01  3.9939E-01  7.3478E-01  1.2345E+00  1.9101E+00
  13    6.7532E-04  2.7962E-03  1.0303E-02  3.3148E-02  9.2042E-02  2.2147E-01  4.7120E-01  9.1093E-01  1.6329E+00  2.7284E+00
  14    6.8955E-04  2.8786E-03  1.0720E-02  3.4943E-02  9.8581E-02  2.4202E-01  5.2930E-01  1.0647E+00  2.0168E+00  3.6113E+00
  15    6.9924E-04  2.9352E-03  1.1009E-02  3.6206E-02  1.0326E-01  2.5712E-01  5.7368E-01  1.1893E+00  2.3538E+00  4.4639E+00
  16    7.0578E-04  2.9737E-03  1.1207E-02  3.7078E-02  1.0654E-01  2.6787E-01  6.0621E-01  1.2847E+00  2.6284E+00  5.2124E+00
  17    7.1019E-04  2.9997E-03  1.1341E-02  3.7675E-02  1.0880E-01  2.7538E-01  6.2935E-01  1.3548E+00  2.8393E+00  5.8209E+00
  18    7.1314E-04  3.0171E-03  1.1432E-02  3.8078E-02  1.1034E-01  2.8052E-01  6.4545E-01  1.4047E+00  2.9942E+00  6.2866E+00
  19    1.8517E-05  2.5054E-05  2.9875E-05  3.2661E-05  3.3852E-05  3.4093E-05  3.3894E-05  3.3558E-05  3.3228E-05  3.2955E-05
  20    5.6081E-05  9.1644E-05  1.2742E-04  1.5663E-04  1.7678E-04  1.8895E-04  1.9562E-04  1.9901E-04  2.0064E-04  2.0139E-04
  21    1.3829E-04  2.7724E-04  4.5958E-04  6.4991E-04  8.1405E-04  9.3638E-04  1.0188E-03  1.0710E-03  1.1031E-03  1.1227E-03
  22    2.7724E-04  6.8252E-04  1.3678E-03  2.2714E-03  3.2248E-03  4.0620E-03  4.7023E-03  5.1483E-03  5.4420E-03  5.6304E-03
  23    4.5958E-04  1.3678E-03  3.3126E-03  6.5402E-03  1.0726E-02  1.5079E-02  1.8853E-02  2.1709E-02  2.3678E-02  2.4964E-02
  24    6.4991E-04  2.2714E-03  6.5402E-03  1.5336E-02  2.9390E-02  4.6945E-02  6.4510E-02  7.9114E-02  8.9647E-02  9.6523E-02
  25    8.1405E-04  3.2248E-03  1.0726E-02  2.9390E-02  6.5782E-02  1.2091E-01  1.8612E-01  2.4746E-01  2.9466E-01  3.2531E-01
  26    9.3638E-04  4.0620E-03  1.5079E-02  4.6945E-02  1.2091E-01  2.5635E-01  4.4976E-01  6.6437E-01  8.4991E-01  9.7489E-01
  27    1.0188E-03  4.7023E-03  1.8853E-02  6.4510E-02  1.8612E-01  4.4976E-01  9.0721E-01  1.5298E+00  2.1805E+00  2.6874E+00
  28    1.0710E-03  5.1483E-03  2.1709E-02  7.9114E-02  2.4746E-01  6.6437E-01  1.5298E+00  3.0004E+00  4.9686E+00  6.9506E+00
  29    1.1031E-03  5.4420E-03  2.3678E-02  8.9647E-02  2.9466E-01  8.4991E-01  2.1805E+00  4.9686E+00  9.8379E+00  1.6493E+01
  30    1.1227E-03  5.6304E-03  2.4964E-02  9.6523E-02  3.2531E-01  9.7489E-01  2.6874E+00  6.9506E+00  1.6493E+01  3.4131E+01
  31    1.1348E-03  5.7503E-03  2.5782E-02  1.0074E-01  3.4257E-01  1.0382E+00  2.9571E+00  8.3417E+00  2.3162E+01  5.9073E+01
  32    1.1423E-03  5.8267E-03  2.6298E-02  1.0326E-01  3.5114E-01  1.0576E+00  3.0087E+00  8.8356E+00  2.7547E+01  8.4401E+01
  33    1.1470E-03  5.8758E-03  2.6626E-02  1.0475E-01  3.5488E-01  1.0531E+00  2.9228E+00  8.5465E+00  2.8470E+01  1.0075E+02
  34    1.1501E-03  5.9076E-03  2.6836E-02  1.0565E-01  3.5623E-01  1.0393E+00  2.7802E+00  7.8091E+00  2.6419E+01  1.0325E+02
  35    1.1521E-03  5.9284E-03  2.6971E-02  1.0619E-01  3.5654E-01  1.0241E+00  2.6335E+00  6.9404E+00  2.2741E+01  9.3827E+01
  36    1.1533E-03  5.9421E-03  2.7059E-02  1.0653E-01  3.5644E-01  1.0108E+00  2.5079E+00  6.1377E+00  1.8708E+01  7.7980E+01

          31          32          33          34          35          36
   1    2.9380E-05  2.9687E-05  2.9895E-05  3.0034E-05  3.0127E-05  3.0189E-05
   2    1.4755E-04  1.4975E-04  1.5123E-04  1.5223E-04  1.5290E-04  1.5335E-04
   3    6.7532E-04  6.8955E-04  6.9924E-04  7.0578E-04  7.1019E-04  7.1314E-04
   4    2.7962E-03  2.8786E-03  2.9352E-03  2.9737E-03  2.9997E-03  3.0171E-03
   5    1.0303E-02  1.0720E-02  1.1009E-02  1.1207E-02  1.1341E-02  1.1432E-02
   6    3.3148E-02  3.4943E-02  3.6206E-02  3.7078E-02  3.7675E-02  3.8078E-02
   7    9.2042E-02  9.8581E-02  1.0326E-01  1.0654E-01  1.0880E-01  1.1034E-01
   8    2.2147E-01  2.4202E-01  2.5712E-01  2.6787E-01  2.7538E-01  2.8052E-01
   9    4.7120E-01  5.2930E-01  5.7368E-01  6.0621E-01  6.2935E-01  6.4545E-01
  10    9.1093E-01  1.0647E+00  1.1893E+00  1.2847E+00  1.3548E+00  1.4047E+00
  11    1.6329E+00  2.0168E+00  2.3538E+00  2.6284E+00  2.8393E+00  2.9942E+00
  12    2.7284E+00  3.6113E+00  4.4639E+00  5.2124E+00  5.8209E+00  6.2866E+00
  13    4.2264E+00  6.0410E+00  7.9815E+00  9.8354E+00  1.1446E+01  1.2742E+01
  14    6.0410E+00  9.3227E+00  1.3210E+01  1.7275E+01  2.1082E+01  2.4332E+01
  15    7.9815E+00  1.3210E+01  2.0030E+01  2.7842E+01  3.5774E+01  4.3014E+01
  16    9.8354E+00  1.7275E+01  2.7842E+01  4.1035E+01  5.5566E+01  6.9817E+01
  17    1.1446E+01  2.1082E+01  3.5774E+01  5.5566E+01  7.9100E+01  1.0391E+02
  18    1.2742E+01  2.4332E+01  4.3014E+01  6.9817E+01  1.0391E+02  1.4235E+02
  19    3.2749E-05  3.2600E-05  3.2495E-05  3.2423E-05  3.2374E-05  3.2341E-05
  20    2.0173E-04  2.0187E-04  2.0192E-04  2.0194E-04  2.0194E-04  2.0194E-04
  21    1.1348E-03  1.1423E-03  1.1470E-03  1.1501E-03  1.1521E-03  1.1533E-03
  22    5.7503E-03  5.8267E-03  5.8758E-03  5.9076E-03  5.9284E-03  5.9421E-03
  23    2.5782E-02  2.6298E-02  2.6626E-02  2.6836E-02  2.6971E-02  2.7059E-02
  24    1.0074E-01  1.0326E-01  1.0475E-01  1.0565E-01  1.0619E-01  1.0653E-01
  25    3.4257E-01  3.5114E-01  3.5488E-01  3.5623E-01  3.5654E-01  3.5644E-01
  26    1.0382E+00  1.0576E+00  1.0531E+00  1.0393E+00  1.0241E+00  1.0108E+00
  27    2.9571E+00  3.0087E+00  2.9228E+00  2.7802E+00  2.6335E+00  2.5079E+00
  28    8.3417E+00  8.8356E+00  8.5465E+00  7.8091E+00  6.9404E+00  6.1377E+00
  29    2.3162E+01  2.7547E+01  2.8470E+01  2.6419E+01  2.2741E+01  1.8708E+01
  30    5.9073E+01  8.4401E+01  1.0075E+02  1.0325E+02  9.3827E+01  7.7980E+01
  31    1.2848E+02  2.2890E+02  3.3185E+02  3.9854E+02  4.0846E+02  3.6930E+02
  32    2.2890E+02  5.1390E+02  9.2937E+02  1.3574E+03  1.6362E+03  1.6797E+03
  33    3.3185E+02  9.2937E+02  2.1129E+03  3.8418E+03  5.6259E+03  6.7899E+03
  34    3.9854E+02  1.3574E+03  3.8418E+03  8.7660E+03  1.5962E+04  2.3380E+04
  35    4.0846E+02  1.6362E+03  5.6259E+03  1.5962E+04  3.6453E+04  6.6344E+04
  36    3.6930E+02  1.6797E+03  6.7899E+03  2.3380E+04  6.6344E+04  1.5130E+05
 OPW  0.11750E-05 0.32449E-05 0.89616E-05 0.24749E-04 0.68350E-04 0.18876E-03 0.52130E-03 0.14397E-02 0.39759E-02 0.10980E-01
 OPW  0.30323E-01 0.83756E-01 0.23128E+00 0.63881E+00 0.17638E+01 0.48713E+01 0.13461E+02 0.37156E+02
 OPW  0.12181E-01 0.22408E-01 0.41220E-01 0.75825E-01 0.13948E+00 0.25658E+00 0.47199E+00 0.86823E+00 0.15971E+01 0.29379E+01
 OPW  0.54044E+01 0.99423E+01 0.18288E+02 0.33643E+02 0.61880E+02 0.11383E+03 0.20947E+03 0.38521E+03
 OPW  0.25703E-09 0.15999E-08 0.99589E-08 0.61991E-07 0.38588E-06 0.24020E-05 0.14951E-04 0.93068E-04 0.57931E-03 0.36059E-02
 OPW  0.22445E-01 0.13975E+00 0.86974E+00 0.54149E+01 0.33693E+02 0.20974E+03 0.13070E+04 0.81279E+04
 OPW  0.47964E-05 0.19887E-04 0.82454E-04 0.34187E-03 0.14174E-02 0.58770E-02 0.24366E-01 0.10103E+00 0.41887E+00 0.17367E+01
 OPW  0.72005E+01 0.29861E+02 0.12379E+03 0.51333E+03 0.21277E+04 0.88222E+04 0.36609E+05 0.15168E+06


 DER  1 TE PARAMETERSATZ DER   1 TEN STRUKTUR = /   1 ) LIEFERT
 KINETISCHE ENERGIE =     10367.2885306
 COULOMB ENERGIE=             0.0000000
 ZENTRAL ENERGIE=          1355.9254235
 L-QUADRAT    =             605.3799686
 LS**2 SKALAR  =             41.2254834
 SPINBAHN ENERGIE =        -522.4167835
 LS**2 VEKTOR   =           -15.4595557
 TENSOR ENERGIE =            -9.3555545
 LS**2 TENSOR   =             5.1531849
 ISO-TENSOR SKA =         -4416.0363430
 ISO-TENSOR TEN =             0.0040988
 CHARGE ASYMMET =             0.0000000
 GESAMTE     ENERGIE =    7411.7084530



 DER  2 TE PARAMETERSATZ DER   1 TEN STRUKTUR = /   2 ) LIEFERT
 KINETISCHE ENERGIE =      6905.4953809
 COULOMB ENERGIE=             0.0000000
 ZENTRAL ENERGIE=          1246.9058285
 L-QUADRAT    =             591.2936543
 LS**2 SKALAR  =             50.8757935
 SPINBAHN ENERGIE =        -518.3241959
 LS**2 VEKTOR   =           -19.0784219
 TENSOR ENERGIE =           -14.6709106
 LS**2 TENSOR   =             6.3594735
 ISO-TENSOR SKA =         -3460.0595277
 ISO-TENSOR TEN =             0.0060257
 CHARGE ASYMMET =             0.0000000
 GESAMTE     ENERGIE =    4788.8031002



 DER  3 TE PARAMETERSATZ DER   1 TEN STRUKTUR = /   3 ) LIEFERT
 KINETISCHE ENERGIE =      4599.6445351
 COULOMB ENERGIE=             0.0000000
 ZENTRAL ENERGIE=          1102.5082474
 L-QUADRAT    =             569.5620622
 LS**2 SKALAR  =             62.5602729
 SPINBAHN ENERGIE =        -509.8471919
 LS**2 VEKTOR   =           -23.4601016
 TENSOR ENERGIE =           -20.6531857
 LS**2 TENSOR   =             7.8200333
 ISO-TENSOR SKA =         -2529.3181526
 ISO-TENSOR TEN =             0.0087686
 CHARGE ASYMMET =             0.0000000
 GESAMTE     ENERGIE =    3258.8252877



 DER  4 TE PARAMETERSATZ DER   1 TEN STRUKTUR = /   4 ) LIEFERT
 KINETISCHE ENERGIE =      3063.7514739
 COULOMB ENERGIE=             0.0000000
 ZENTRAL ENERGIE=           921.7520029
 L-QUADRAT    =             536.6749663
 LS**2 SKALAR  =             75.1567381
 SPINBAHN ENERGIE =        -493.5213166
 LS**2 VEKTOR   =           -28.1837759
 TENSOR ENERGIE =           -26.4880639
 LS**2 TENSOR   =             9.3945913
 ISO-TENSOR SKA =         -1719.4327770
 ISO-TENSOR TEN =             0.0125715
 CHARGE ASYMMET =             0.0000000
 GESAMTE     ENERGIE =    2339.1164106



 DER  5 TE PARAMETERSATZ DER   1 TEN STRUKTUR = /   5 ) LIEFERT
 KINETISCHE ENERGIE =      2040.7178089
 COULOMB ENERGIE=             0.0000000
 ZENTRAL ENERGIE=           712.5118824
 L-QUADRAT    =             488.8557363
 LS**2 SKALAR  =             86.2514852
 SPINBAHN ENERGIE =        -464.6855429
 LS**2 VEKTOR   =           -32.3443059
 TENSOR ENERGIE =           -31.1768550
 LS**2 TENSOR   =            10.7814345
 ISO-TENSOR SKA =         -1088.6031428
 ISO-TENSOR TEN =             0.0176408
 CHARGE ASYMMET =             0.0000000
 GESAMTE     ENERGIE =    1722.3261416



 DER  6 TE PARAMETERSATZ DER   1 TEN STRUKTUR = /   6 ) LIEFERT
 KINETISCHE ENERGIE =      1359.2863011
 COULOMB ENERGIE=             0.0000000
 ZENTRAL ENERGIE=           494.5080278
 L-QUADRAT    =             423.7881635
 LS**2 SKALAR  =             92.3420243
 SPINBAHN ENERGIE =        -418.8540607
 LS**2 VEKTOR   =           -34.6282580
 TENSOR ENERGIE =           -33.6430871
 LS**2 TENSOR   =            11.5427518
 ISO-TENSOR SKA =          -643.7504112
 ISO-TENSOR TEN =             0.0240134
 CHARGE ASYMMET =             0.0000000
 GESAMTE     ENERGIE =    1250.6154650



 DER  7 TE PARAMETERSATZ DER   1 TEN STRUKTUR = /   7 ) LIEFERT
 KINETISCHE ENERGIE =       905.4064092
 COULOMB ENERGIE=             0.0000000
 ZENTRAL ENERGIE=           296.4665770
 L-QUADRAT    =             343.2910735
 LS**2 SKALAR  =             90.1474449
 SPINBAHN ENERGIE =        -354.6593033
 LS**2 VEKTOR   =           -33.8052908
 TENSOR ENERGIE =           -33.0001430
 LS**2 TENSOR   =            11.2684294
 ISO-TENSOR SKA =          -355.8247087
