  DM-MATRIZEN WERDEN AUF MATOUTKOPIERT
  0.1000E+01  0.1000E+01  0.1000E+01  0.1000E+01  0.1000E+01  0.1000E+01  0.1000E+01
  0.1000E+01  0.1000E+01  0.1000E+01  0.1000E+01  0.1000E+01

     1
     1  1     1  0     1  1  0     0  0  0  0  0     0

     2
     1  1     1  0     1  1  2     0  0  0  0  0     0

     3
     1  1     1  0     1  1  0     0  0  0  1  1     0

     4
     1  1     1  0     1  1  2     0  0  0  1  1     0

     5
     1  1     1  0     1  1  0     0  0  0  2  2     0

     6
     1  1     1  0     1  1  2     0  0  0  2  2     0

     7
     1  1     1  0     1  1  0     0  0  0  3  3     0

     8
     1  1     1  0     1  1  2     0  0  0  3  3     0
 GESAMTDREHIMPULS =   0 /2  PARITAET = +


 OPERATOREN 
  1  1  1  1  0  1  1  1  1  1
  1  1  1  1
0/  1 ) =    1.0000 /  4 )
 BENUTZTE RADIALFUNKTIONEN    
  1  1  1  1  1  1  1  1  1  1  1  1
    1 -TE MATRIX EN,H IN ENPON,OPERATOR   14

           1           2           3           4           5           6           7           8           9          10
   1    3.7063E-04  4.1986E-04  7.7532E-04  1.0415E-03  1.3695E-03  1.5438E-03  1.6801E-03  1.8342E-03  1.9554E-03  2.0248E-03
   2    4.1986E-04  4.7874E-04  9.1807E-04  1.2607E-03  1.6964E-03  1.9335E-03  2.1213E-03  2.3362E-03  2.5072E-03  2.6056E-03
   3    7.7532E-04  9.1807E-04  2.2196E-03  3.5321E-03  5.6121E-03  6.9555E-03  8.1356E-03  9.6194E-03  1.0909E-02  1.1697E-02
   4    1.0415E-03  1.2607E-03  3.5321E-03  6.2525E-03  1.1360E-02  1.5162E-02  1.8829E-02  2.3879E-02  2.8674E-02  3.1798E-02
   5    1.3695E-03  1.6964E-03  5.6121E-03  1.1360E-02  2.4930E-02  3.7356E-02  5.1281E-02  7.3770E-02  9.8948E-02  1.1753E-01
   6    1.5438E-03  1.9335E-03  6.9555E-03  1.5162E-02  3.7356E-02  6.0535E-02  8.9394E-02  1.4203E-01  2.0952E-01  2.6509E-01
   7    1.6801E-03  2.1213E-03  8.1356E-03  1.8829E-02  5.1281E-02  8.9394E-02  1.4190E-01  2.5053E-01  4.1237E-01  5.6400E-01
   8    1.8342E-03  2.3362E-03  9.6194E-03  2.3879E-02  7.3770E-02  1.4203E-01  2.5053E-01  5.2351E-01  1.0489E+00  1.6764E+00
   9    1.9554E-03  2.5072E-03  1.0909E-02  2.8674E-02  9.8948E-02  2.0952E-01  4.1237E-01  1.0489E+00  2.7554E+00  5.6880E+00
  10    2.0248E-03  2.6056E-03  1.1697E-02  3.1798E-02  1.1753E-01  2.6509E-01  5.6400E-01  1.6764E+00  5.6880E+00  1.5851E+01
  11    2.0560E-03  2.6502E-03  1.2065E-02  3.3308E-02  1.2716E-01  2.9582E-01  6.5497E-01  2.1208E+00  8.4476E+00  2.9546E+01
  12    2.0746E-03  2.6767E-03  1.2288E-02  3.4236E-02  1.3329E-01  3.1611E-01  7.1782E-01  2.4597E+00  1.0996E+01  4.6396E+01

          11          12
   1    2.0560E-03  2.0746E-03
   2    2.6502E-03  2.6767E-03
   3    1.2065E-02  1.2288E-02
   4    3.3308E-02  3.4236E-02
   5    1.2716E-01  1.3329E-01
   6    2.9582E-01  3.1611E-01
   7    6.5497E-01  7.1782E-01
   8    2.1208E+00  2.4597E+00
   9    8.4476E+00  1.0996E+01
  10    2.9546E+01  4.6396E+01
  11    6.7838E+01  1.3051E+02
  12    1.3051E+02  3.1741E+02
    2 -TE MATRIX EN,H IN ENPON,OPERATOR   14

           1           2           3           4           5           6           7           8           9          10
   1    7.5135E-01  8.2097E-01  1.1918E+00  1.3515E+00  1.4420E+00  1.4495E+00  1.4378E+00  1.4072E+00  1.3709E+00  1.3455E+00
   2    8.2097E-01  9.0281E-01  1.3562E+00  1.5643E+00  1.6917E+00  1.7071E+00  1.6954E+00  1.6580E+00  1.6112E+00  1.5777E+00
   3    1.1918E+00  1.3562E+00  2.4890E+00  3.2182E+00  3.8614E+00  4.0333E+00  4.0576E+00  3.9426E+00  3.7258E+00  3.5443E+00
   4    1.3515E+00  1.5643E+00  3.2182E+00  4.5160E+00  5.9542E+00  6.4819E+00  6.6682E+00  6.5031E+00  5.9652E+00  5.4396E+00
   5    1.4420E+00  1.6917E+00  3.8614E+00  5.9542E+00  9.0382E+00  1.0689E+01  1.1698E+01  1.1960E+01  1.0710E+01  8.9336E+00
   6    1.4495E+00  1.7071E+00  4.0333E+00  6.4819E+00  1.0689E+01  1.3472E+01  1.5653E+01  1.7188E+01  1.5840E+01  1.2558E+01
   7    1.4378E+00  1.6954E+00  4.0576E+00  6.6682E+00  1.1698E+01  1.5653E+01  1.9436E+01  2.3564E+01  2.3564E+01  1.8650E+01
   8    1.4072E+00  1.6580E+00  3.9426E+00  6.5031E+00  1.1960E+01  1.7188E+01  2.3564E+01  3.4403E+01  4.3045E+01  3.9143E+01
   9    1.3709E+00  1.6112E+00  3.7258E+00  5.9652E+00  1.0710E+01  1.5840E+01  2.3564E+01  4.3045E+01  7.8089E+01  1.0230E+02
  10    1.3455E+00  1.5777E+00  3.5443E+00  5.4396E+00  8.9336E+00  1.2558E+01  1.8650E+01  3.9143E+01  1.0230E+02  2.1179E+02
  11    1.3330E+00  1.5610E+00  3.4475E+00  5.1401E+00  7.7610E+00  1.0025E+01  1.3824E+01  2.9133E+01  9.5473E+01  2.8164E+02
  12    1.3253E+00  1.5506E+00  3.3854E+00  4.9419E+00  6.9295E+00  8.0957E+00  9.7536E+00  1.8046E+01  6.9008E+01  2.7982E+02

          11          12
   1    1.3330E+00  1.3253E+00
   2    1.5610E+00  1.5506E+00
   3    3.4475E+00  3.3854E+00
   4    5.1401E+00  4.9419E+00
   5    7.7610E+00  6.9295E+00
   6    1.0025E+01  8.0957E+00
   7    1.3824E+01  9.7536E+00
   8    2.9133E+01  1.8046E+01
   9    9.5473E+01  6.9008E+01
  10    2.8164E+02  2.7982E+02
  11    5.1359E+02  6.9588E+02
  12    6.9588E+02  1.3314E+03
 OPW  0.37063E-03 0.47874E-03 0.22196E-02 0.62525E-02 0.24930E-01 0.60535E-01 0.14190E+00 0.52351E+00 0.27554E+01 0.15851E+02
 OPW  0.67838E+02 0.31741E+03
 OPW  0.38463E+00 0.44848E+00 0.11257E+01 0.20956E+01 0.48052E+01 0.81824E+01 0.13642E+02 0.29856E+02 0.80870E+02 0.23106E+03
 OPW  0.55279E+03 0.13952E+04


 DER  1 TE PARAMETERSATZ DER   1 TEN STRUKTUR = /   1 ) LIEFERT
 KINETISCHE ENERGIE =      1037.7655819
 COULOMB ENERGIE=             0.0000000
 ZENTRAL ENERGIE=           358.8852722
 L-QUADRAT    =             371.6855558
 LS**2 SKALAR  =             91.9375767
 SPINBAHN ENERGIE =         756.2286832
 LS**2 VEKTOR   =            68.9531804
 TENSOR ENERGIE =          -335.9473811
 LS**2 TENSOR   =           114.9219589
 ISO-TENSOR SKA =          -437.5252354
 ISO-TENSOR TEN =             0.2882186
 CHARGE ASYMMET =             0.0000000
 GESAMTE     ENERGIE =    2027.1934114



 DER  2 TE PARAMETERSATZ DER   1 TEN STRUKTUR = /   2 ) LIEFERT
 KINETISCHE ENERGIE =       936.7778243
 COULOMB ENERGIE=             0.0000000
 ZENTRAL ENERGIE=           311.5763036
 L-QUADRAT    =             350.4803519
 LS**2 SKALAR  =             90.6960017
 SPINBAHN ENERGIE =         721.3516500
 LS**2 VEKTOR   =            68.0219992
 TENSOR ENERGIE =          -331.8467105
 LS**2 TENSOR   =           113.3699904
 ISO-TENSOR SKA =          -374.9407051
 ISO-TENSOR TEN =             0.3071515
 CHARGE ASYMMET =             0.0000000
 GESAMTE     ENERGIE =    1885.7938570



 DER  3 TE PARAMETERSATZ DER   1 TEN STRUKTUR = /   3 ) LIEFERT
 KINETISCHE ENERGIE =       507.1884895
 COULOMB ENERGIE=             0.0000000
 ZENTRAL ENERGIE=            98.1802418
 L-QUADRAT    =             218.1599164
 LS**2 SKALAR  =             71.5786714
 SPINBAHN ENERGIE =         484.2952507
 LS**2 VEKTOR   =            53.6840019
 TENSOR ENERGIE =          -266.1146208
 LS**2 TENSOR   =            89.4733300
 ISO-TENSOR SKA =          -135.4847949
 ISO-TENSOR TEN =             0.4151556
 CHARGE ASYMMET =             0.0000000
 GESAMTE     ENERGIE =    1121.3756418



 DER  4 TE PARAMETERSATZ DER   1 TEN STRUKTUR = /   4 ) LIEFERT
 KINETISCHE ENERGIE =       335.1640709
 COULOMB ENERGIE=             0.0000000
 ZENTRAL ENERGIE=            26.6807755
 L-QUADRAT    =             138.5596121
 LS**2 SKALAR  =             51.8635332
 SPINBAHN ENERGIE =         325.9579331
 LS**2 VEKTOR   =            38.8976487
 TENSOR ENERGIE =          -197.8152623
 LS**2 TENSOR   =            64.8294098
 ISO-TENSOR SKA =           -62.3182052
 ISO-TENSOR TEN =             0.4632779
 CHARGE ASYMMET =             0.0000000
 GESAMTE     ENERGIE =     722.2827937



 DER  5 TE PARAMETERSATZ DER   1 TEN STRUKTUR = /   5 ) LIEFERT
 KINETISCHE ENERGIE =       192.7486284
 COULOMB ENERGIE=             0.0000000
 ZENTRAL ENERGIE=            -5.5132623
 L-QUADRAT    =              63.0550089
 LS**2 SKALAR  =             27.4599770
 SPINBAHN ENERGIE =         162.0358254
 LS**2 VEKTOR   =            20.5949821
 TENSOR ENERGIE =          -112.6811648
 LS**2 TENSOR   =            34.3249677
 ISO-TENSOR SKA =           -19.9450893
 ISO-TENSOR TEN =             0.4672905
 CHARGE ASYMMET =             0.0000000
 GESAMTE     ENERGIE =     362.5471636



 DER  6 TE PARAMETERSATZ DER   1 TEN STRUKTUR = /   6 ) LIEFERT
 KINETISCHE ENERGIE =       135.1687079
 COULOMB ENERGIE=             0.0000000
 ZENTRAL ENERGIE=            -8.0404653
 L-QUADRAT    =              34.2075948
 LS**2 SKALAR  =             16.3024680
 SPINBAHN ENERGIE =          93.7695955
 LS**2 VEKTOR   =            12.2268506
 TENSOR ENERGIE =           -72.7869104
 LS**2 TENSOR   =            20.3780829
 ISO-TENSOR SKA =            -9.1153440
 ISO-TENSOR TEN =             0.4318583
 CHARGE ASYMMET =             0.0000000
 GESAMTE     ENERGIE =     222.5424382



 DER  7 TE PARAMETERSATZ DER   1 TEN STRUKTUR = /   7 ) LIEFERT
 KINETISCHE ENERGIE =        96.1358665
 COULOMB ENERGIE=             0.0000000
 ZENTRAL ENERGIE=            -6.4582962
 L-QUADRAT    =              17.6981011
 LS**2 SKALAR  =              9.2007031
 SPINBAHN ENERGIE =          51.9456038
 LS**2 VEKTOR   =             6.9005271
 TENSOR ENERGIE =           -46.1667126
 LS**2 TENSOR   =            11.5008777
 ISO-TENSOR SKA =            -4.1662061
 ISO-TENSOR TEN =             0.3779327
 CHARGE ASYMMET =             0.0000000
 GESAMTE     ENERGIE =     136.9683973



 DER  8 TE PARAMETERSATZ DER   1 TEN STRUKTUR = /   8 ) LIEFERT
 KINETISCHE ENERGIE =        57.0304542
 COULOMB ENERGIE=             0.0000000
 ZENTRAL ENERGIE=            -3.2522304
 L-QUADRAT    =               5.7431182
 LS**2 SKALAR  =              3.4361612
 SPINBAHN ENERGIE =          18.9081617
 LS**2 VEKTOR   =             2.5771208
 TENSOR ENERGIE =           -22.1030409
 LS**2 TENSOR   =             4.2952010
 ISO-TENSOR SKA =            -1.1994729
 ISO-TENSOR TEN =             0.2796996
 CHARGE ASYMMET =             0.0000000
 GESAMTE     ENERGIE =      65.7151724



 DER  9 TE PARAMETERSATZ DER   1 TEN STRUKTUR = /   9 ) LIEFERT
 KINETISCHE ENERGIE =        29.3497938
 COULOMB ENERGIE=             0.0000000
 ZENTRAL ENERGIE=            -1.0010319
 L-QUADRAT    =               1.1874087
 LS**2 SKALAR  =              0.8591907
 SPINBAHN ENERGIE =           4.5444548
 LS**2 VEKTOR   =             0.6443930
 TENSOR ENERGIE =            -8.2488166
 LS**2 TENSOR   =             1.0739883
 ISO-TENSOR SKA =            -0.2335051
 ISO-TENSOR TEN =             0.1647741
 CHARGE ASYMMET =             0.0000000
 GESAMTE     ENERGIE =      28.3406498



 DER 10 TE PARAMETERSATZ DER   1 TEN STRUKTUR = /  10 ) LIEFERT
 KINETISCHE ENERGIE =        14.5764077
 COULOMB ENERGIE=             0.0000000
 ZENTRAL ENERGIE=            -0.2161359
 L-QUADRAT    =               0.2062791
 LS**2 SKALAR  =              0.1803295
 SPINBAHN ENERGIE =           0.9059622
 LS**2 VEKTOR   =             0.1352471
 TENSOR ENERGIE =            -2.6921025
 LS**2 TENSOR   =             0.2254118
 ISO-TENSOR SKA =            -0.0402144
 ISO-TENSOR TEN =             0.0800312
 CHARGE ASYMMET =             0.0000000
 GESAMTE     ENERGIE =      13.3612159



 DER 11 TE PARAMETERSATZ DER   1 TEN STRUKTUR = /  11 ) LIEFERT
 KINETISCHE ENERGIE =         8.1486888
 COULOMB ENERGIE=             0.0000000
 ZENTRAL ENERGIE=            -0.0465304
 L-QUADRAT    =               0.0471562
 LS**2 SKALAR  =              0.0467537
 SPINBAHN ENERGIE =           0.2253818
 LS**2 VEKTOR   =             0.0350653
 TENSOR ENERGIE =            -0.9734929
 LS**2 TENSOR   =             0.0584422
 ISO-TENSOR SKA =            -0.0091676
 ISO-TENSOR TEN =             0.0384343
 CHARGE ASYMMET =             0.0000000
 GESAMTE     ENERGIE =       7.5707313



 DER 12 TE PARAMETERSATZ DER   1 TEN STRUKTUR = /  12 ) LIEFERT
 KINETISCHE ENERGIE =         4.3957303
 COULOMB ENERGIE=             0.0000000
 ZENTRAL ENERGIE=            -0.0063507
 L-QUADRAT    =               0.0098537
 LS**2 SKALAR  =              0.0107386
 SPINBAHN ENERGIE =           0.0500130
 LS**2 VEKTOR   =             0.0080539
 TENSOR ENERGIE =            -0.3003935
 LS**2 TENSOR   =             0.0134232
 ISO-TENSOR SKA =            -0.0018838
 ISO-TENSOR TEN =             0.0153260
 CHARGE ASYMMET =             0.0000000
 GESAMTE     ENERGIE =       4.1945108

 VOR ORTHO H

           1           2           3           4           5           6           7           8           9          10
   1    7.5135E-01  8.2097E-01  1.1918E+00  1.3515E+00  1.4420E+00  1.4495E+00  1.4378E+00  1.4072E+00  1.3709E+00  1.3455E+00
   2    8.2097E-01  9.0281E-01  1.3562E+00  1.5643E+00  1.6917E+00  1.7071E+00  1.6954E+00  1.6580E+00  1.6112E+00  1.5777E+00
   3    1.1918E+00  1.3562E+00  2.4890E+00  3.2182E+00  3.8614E+00  4.0333E+00  4.0576E+00  3.9426E+00  3.7258E+00  3.5443E+00
   4    1.3515E+00  1.5643E+00  3.2182E+00  4.5160E+00  5.9542E+00  6.4819E+00  6.6682E+00  6.5031E+00  5.9652E+00  5.4396E+00
   5    1.4420E+00  1.6917E+00  3.8614E+00  5.9542E+00  9.0382E+00  1.0689E+01  1.1698E+01  1.1960E+01  1.0710E+01  8.9336E+00
   6    1.4495E+00  1.7071E+00  4.0333E+00  6.4819E+00  1.0689E+01  1.3472E+01  1.5653E+01  1.7188E+01  1.5840E+01  1.2558E+01
   7    1.4378E+00  1.6954E+00  4.0576E+00  6.6682E+00  1.1698E+01  1.5653E+01  1.9436E+01  2.3564E+01  2.3564E+01  1.8650E+01
   8    1.4072E+00  1.6580E+00  3.9426E+00  6.5031E+00  1.1960E+01  1.7188E+01  2.3564E+01  3.4403E+01  4.3045E+01  3.9143E+01
   9    1.3709E+00  1.6112E+00  3.7258E+00  5.9652E+00  1.0710E+01  1.5840E+01  2.3564E+01  4.3045E+01  7.8089E+01  1.0230E+02
  10    1.3455E+00  1.5777E+00  3.5443E+00  5.4396E+00  8.9336E+00  1.2558E+01  1.8650E+01  3.9143E+01  1.0230E+02  2.1179E+02
  11    1.3330E+00  1.5610E+00  3.4475E+00  5.1401E+00  7.7610E+00  1.0025E+01  1.3824E+01  2.9133E+01  9.5473E+01  2.8164E+02
  12    1.3253E+00  1.5506E+00  3.3854E+00  4.9419E+00  6.9295E+00  8.0957E+00  9.7536E+00  1.8046E+01  6.9008E+01  2.7982E+02

          11          12
   1    1.3330E+00  1.3253E+00
   2    1.5610E+00  1.5506E+00
   3    3.4475E+00  3.3854E+00
   4    5.1401E+00  4.9419E+00
   5    7.7610E+00  6.9295E+00
   6    1.0025E+01  8.0957E+00
   7    1.3824E+01  9.7536E+00
   8    2.9133E+01  1.8046E+01
   9    9.5473E+01  6.9008E+01
  10    2.8164E+02  2.7982E+02
  11    5.1359E+02  6.9588E+02
  12    6.9588E+02  1.3314E+03
 VOR ORTHO EN

           1           2           3           4           5           6           7           8           9          10
   1    3.7063E-04  4.1986E-04  7.7532E-04  1.0415E-03  1.3695E-03  1.5438E-03  1.6801E-03  1.8342E-03  1.9554E-03  2.0248E-03
   2    4.1986E-04  4.7874E-04  9.1807E-04  1.2607E-03  1.6964E-03  1.9335E-03  2.1213E-03  2.3362E-03  2.5072E-03  2.6056E-03
   3    7.7532E-04  9.1807E-04  2.2196E-03  3.5321E-03  5.6121E-03  6.9555E-03  8.1356E-03  9.6194E-03  1.0909E-02  1.1697E-02
   4    1.0415E-03  1.2607E-03  3.5321E-03  6.2525E-03  1.1360E-02  1.5162E-02  1.8829E-02  2.3879E-02  2.8674E-02  3.1798E-02
   5    1.3695E-03  1.6964E-03  5.6121E-03  1.1360E-02  2.4930E-02  3.7356E-02  5.1281E-02  7.3770E-02  9.8948E-02  1.1753E-01
   6    1.5438E-03  1.9335E-03  6.9555E-03  1.5162E-02  3.7356E-02  6.0535E-02  8.9394E-02  1.4203E-01  2.0952E-01  2.6509E-01
   7    1.6801E-03  2.1213E-03  8.1356E-03  1.8829E-02  5.1281E-02  8.9394E-02  1.4190E-01  2.5053E-01  4.1237E-01  5.6400E-01
   8    1.8342E-03  2.3362E-03  9.6194E-03  2.3879E-02  7.3770E-02  1.4203E-01  2.5053E-01  5.2351E-01  1.0489E+00  1.6764E+00
   9    1.9554E-03  2.5072E-03  1.0909E-02  2.8674E-02  9.8948E-02  2.0952E-01  4.1237E-01  1.0489E+00  2.7554E+00  5.6880E+00
  10    2.0248E-03  2.6056E-03  1.1697E-02  3.1798E-02  1.1753E-01  2.6509E-01  5.6400E-01  1.6764E+00  5.6880E+00  1.5851E+01
  11    2.0560E-03  2.6502E-03  1.2065E-02  3.3308E-02  1.2716E-01  2.9582E-01  6.5497E-01  2.1208E+00  8.4476E+00  2.9546E+01
  12    2.0746E-03  2.6767E-03  1.2288E-02  3.4236E-02  1.3329E-01  3.1611E-01  7.1782E-01  2.4597E+00  1.0996E+01  4.6396E+01

          11          12
   1    2.0560E-03  2.0746E-03
   2    2.6502E-03  2.6767E-03
   3    1.2065E-02  1.2288E-02
   4    3.3308E-02  3.4236E-02
   5    1.2716E-01  1.3329E-01
   6    2.9582E-01  3.1611E-01
   7    6.5497E-01  7.1782E-01
   8    2.1208E+00  2.4597E+00
   9    8.4476E+00  1.0996E+01
  10    2.9546E+01  4.6396E+01
  11    6.7838E+01  1.3051E+02
  12    1.3051E+02  3.1741E+02
  NORM UND HAMILTONMATRIX VOR DIAGONALISATION

                     1                     2                     3                     4                     5
   1    3.70634642334313E-04  4.19858009822964E-04  7.75318635858666E-04  1.04147402578627E-03  1.36947015613371E-03
   2    4.19858009822964E-04  4.78743249385793E-04  9.18071491457598E-04  1.26066871389580E-03  1.69639951780750E-03
   3    7.75318635858666E-04  9.18071491457598E-04  2.21957944779085E-03  3.53211150432575E-03  5.61205080207709E-03
   4    1.04147402578627E-03  1.26066871389580E-03  3.53211150432575E-03  6.25245428372046E-03  1.13596220635686E-02
   5    1.36947015613371E-03  1.69639951780750E-03  5.61205080207709E-03  1.13596220635686E-02  2.49296353625636E-02
   6    1.54377836094671E-03  1.93346514259797E-03  6.95548902187476E-03  1.51619841582086E-02  3.73558146963662E-02
   7    1.68008355460074E-03  2.12133409047535E-03  8.13564539463123E-03  1.88287144029471E-02  5.12812465747448E-02
   8    1.83415534253734E-03  2.33621404523555E-03  9.61944458421582E-03  2.38789562020756E-02  7.37698653306489E-02
   9    1.95542296803190E-03  2.50716497951719E-03  1.09085585624543E-02  2.86737190874762E-02  9.89476473842892E-02
  10    2.02477563919822E-03  2.60563464375276E-03  1.16972025904339E-02  3.17983368737903E-02  1.17527576852753E-01
  11    2.05602757160336E-03  2.65017204779891E-03  1.20653650938020E-02  3.33076731113850E-02  1.27155108643196E-01
  12    2.07458765126202E-03  2.67667021656536E-03  1.22878614585491E-02  3.42356422248080E-02  1.33293284744589E-01

                     6                     7                     8                     9                    10
   1    1.54377836094671E-03  1.68008355460074E-03  1.83415534253734E-03  1.95542296803190E-03  2.02477563919821E-03
   2    1.93346514259797E-03  2.12133409047535E-03  2.33621404523555E-03  2.50716497951719E-03  2.60563464375276E-03
   3    6.95548902187476E-03  8.13564539463123E-03  9.61944458421581E-03  1.09085585624543E-02  1.16972025904339E-02
   4    1.51619841582086E-02  1.88287144029471E-02  2.38789562020756E-02  2.86737190874762E-02  3.17983368737903E-02
   5    3.73558146963662E-02  5.12812465747448E-02  7.37698653306488E-02  9.89476473842891E-02  1.17527576852753E-01
   6    6.05346117439903E-02  8.93940475794465E-02  1.42033382915289E-01  2.09523283706848E-01  2.65086427815317E-01
   7    8.93940475794465E-02  1.41899398194792E-01  2.50530702099028E-01  4.12367001357930E-01  5.64000807693141E-01
   8    1.42033382915289E-01  2.50530702099028E-01  5.23512541957415E-01  1.04889747276893E+00  1.67641891447961E+00
   9    2.09523283706848E-01  4.12367001357931E-01  1.04889747276893E+00  2.75538017694069E+00  5.68800582142331E+00
  10    2.65086427815317E-01  5.64000807693141E-01  1.67641891447961E+00  5.68800582142331E+00  1.58514100767240E+01
  11    2.95816149233509E-01  6.54966627313028E-01  2.12078938663876E+00  8.44763070949336E+00  2.95464166445157E+01
  12    3.16105626901206E-01  7.17815287171682E-01  2.45971792199874E+00  1.09958475482697E+01  4.63957786598500E+01

                    11                    12
   1    2.05602757160336E-03  2.07458765126202E-03
   2    2.65017204779891E-03  2.67667021656536E-03
   3    1.20653650938020E-02  1.22878614585491E-02
   4    3.33076731113850E-02  3.42356422248080E-02
   5    1.27155108643196E-01  1.33293284744588E-01
   6    2.95816149233509E-01  3.16105626901206E-01
   7    6.54966627313027E-01  7.17815287171681E-01
   8    2.12078938663876E+00  2.45971792199873E+00
   9    8.44763070949336E+00  1.09958475482697E+01
  10    2.95464166445157E+01  4.63957786598499E+01
  11    6.78382815373692E+01  1.30509692501496E+02
  12    1.30509692501496E+02  3.17407044755858E+02

                     1                     2                     3                     4                     5
   1    7.51348104969659E-01  8.20973893324718E-01  1.19176214951205E+00  1.35148165415646E+00  1.44202975376221E+00
   2    8.20973893324718E-01  9.02811078781600E-01  1.35623318868570E+00  1.56430292729066E+00  1.69172068931400E+00
   3    1.19176214951205E+00  1.35623318868570E+00  2.48898232772980E+00  3.21821973119147E+00  3.86144026884978E+00
   4    1.35148165415646E+00  1.56430292729066E+00  3.21821973119147E+00  4.51604014758689E+00  5.95421681989261E+00
   5    1.44202975376221E+00  1.69172068931400E+00  3.86144026884978E+00  5.95421681989262E+00  9.03816859096719E+00
   6    1.44951030353341E+00  1.70706931355422E+00  4.03327532873520E+00  6.48191023113616E+00  1.06889601049940E+01
   7    1.43778001191426E+00  1.69536024389914E+00  4.05759443579498E+00  6.66818224911555E+00  1.16978299319528E+01
   8    1.40719772483162E+00  1.65803149953032E+00  3.94264998844654E+00  6.50314343330667E+00  1.19599901075322E+01
   9    1.37090816184931E+00  1.61120839211151E+00  3.72581876100931E+00  5.96517061572275E+00  1.07104231392165E+01
  10    1.34552562962895E+00  1.57768190456334E+00  3.54427084753882E+00  5.43955660955760E+00  8.93355518267159E+00
  11    1.33301618506790E+00  1.56099102701307E+00  3.44751126095481E+00  5.14008534902848E+00  7.76096991025305E+00
  12    1.32527632512094E+00  1.55061631790500E+00  3.38543887332830E+00  4.94185435470414E+00  6.92950929358567E+00

                     6                     7                     8                     9                    10
   1    1.44951030353341E+00  1.43778001191426E+00  1.40719772483161E+00  1.37090816184931E+00  1.34552562962895E+00
   2    1.70706931355422E+00  1.69536024389914E+00  1.65803149953032E+00  1.61120839211150E+00  1.57768190456334E+00
   3    4.03327532873519E+00  4.05759443579498E+00  3.94264998844654E+00  3.72581876100930E+00  3.54427084753882E+00
   4    6.48191023113616E+00  6.66818224911555E+00  6.50314343330667E+00  5.96517061572275E+00  5.43955660955759E+00
   5    1.06889601049940E+01  1.16978299319528E+01  1.19599901075321E+01  1.07104231392165E+01  8.93355518267160E+00
   6    1.34715200945584E+01  1.56530263468365E+01  1.71875910178891E+01  1.58395810014886E+01  1.25584518647357E+01
   7    1.56530263468365E+01  1.94357331454595E+01  2.35636939143653E+01  2.35638814543552E+01  1.86500059948617E+01
   8    1.71875910178891E+01  2.35636939143653E+01  3.44027169576652E+01  4.30445583578338E+01  3.91425092380414E+01
   9    1.58395810014886E+01  2.35638814543552E+01  4.30445583578338E+01  7.80892647374950E+01  1.02302426165385E+02
  10    1.25584518647357E+01  1.86500059948617E+01  3.91425092380414E+01  1.02302426165385E+02  2.11794112674028E+02
  11    1.00251988070036E+01  1.38240270727838E+01  2.91329292198150E+01  9.54725920589282E+01  2.81642720354924E+02
  12    8.09568543360522E+00  9.75358716640202E+00  1.80463964453954E+01  6.90081091328181E+01  2.79822044847061E+02

                    11                    12
   1    1.33301618506789E+00  1.32527632512094E+00
   2    1.56099102701307E+00  1.55061631790500E+00
   3    3.44751126095481E+00  3.38543887332830E+00
   4    5.14008534902848E+00  4.94185435470414E+00
   5    7.76096991025303E+00  6.92950929358567E+00
   6    1.00251988070036E+01  8.09568543360520E+00
   7    1.38240270727838E+01  9.75358716640202E+00
   8    2.91329292198150E+01  1.80463964453955E+01
   9    9.54725920589282E+01  6.90081091328180E+01
  10    2.81642720354924E+02  2.79822044847061E+02
  11    5.13585402052377E+02  6.95876144480994E+02
  12    6.95876144480994E+02  1.33136728857974E+03

        EIGENWERTE DES HAMILTONOPERATORS


  3.08825E+00  9.95013E+00  2.30284E+01  4.79376E+01  9.56551E+01  1.83436E+02  3.35665E+02  5.89993E+02  1.01978E+03  1.71829E+03
  2.88937E+03  4.39403E+03


 ENTWICKLUNG DES  1 TEN EIGENVEKTORS

  5.5016303346E-01 /   1) -7.1862722541E-01 /   2)  4.8281357462E-01 /   3) -5.9417231702E-01 /   4)
  8.1987547349E-01 /   5) -1.0000000000E+00 /   6)  6.2872722177E-01 /   7) -2.1854265852E-01 /   8)
  9.1387518382E-02 /   9) -6.2396689790E-02 /  10)  4.3802621666E-02 /  11) -1.8651721304E-02 /  12)


 ENTWICKLUNG DES  2 TEN EIGENVEKTORS

 -5.6149949979E-01 /   1)  7.2712747883E-01 /   2) -4.7992909890E-01 /   3)  5.9814365494E-01 /   4)
 -8.1297643426E-01 /   5)  1.0000000000E+00 /   6) -6.3123554793E-01 /   7)  2.2033190800E-01 /   8)
 -9.5683688924E-02 /   9)  6.5217749626E-02 /  10) -4.5967655759E-02 /  11)  1.0184180246E-02 /  12)


 ENTWICKLUNG DES  3 TEN EIGENVEKTORS

 -5.2719941741E-01 /   1)  6.9109415628E-01 /   2) -4.6973379991E-01 /   3)  5.7905690133E-01 /   4)
 -8.1275805339E-01 /   5)  1.0000000000E+00 /   6) -6.3712685525E-01 /   7)  2.2797848648E-01 /   8)
 -9.9429453502E-02 /   9)  7.0048349441E-02 /  10) -3.0036480696E-02 /  11)  4.5077163939E-03 /  12)


 ENTWICKLUNG DES  4 TEN EIGENVEKTORS

  5.3299221601E-01 /   1) -6.9033500759E-01 /   2)  4.5866477250E-01 /   3) -5.7777503620E-01 /   4)
  7.9870477395E-01 /   5) -1.0000000000E+00 /   6)  6.4475461982E-01 /   7) -2.3474113847E-01 /   8)
  1.0631471774E-01 /   9) -4.4138132468E-02 /  10)  1.3289127525E-02 /  11) -1.6348592918E-03 /  12)


 ENTWICKLUNG DES  5 TEN EIGENVEKTORS

  4.8519028417E-01 /   1) -6.3701935550E-01 /   2)  4.3943489654E-01 /   3) -5.4975113842E-01 /   4)
  7.9355927864E-01 /   5) -1.0000000000E+00 /   6)  6.5338803585E-01 /   7) -2.3744173909E-01 /   8)
  7.1032746177E-02 /   9) -1.9394188031E-02 /  10)  4.8558343554E-03 /  11) -5.5174949587E-04 /  12)


 ENTWICKLUNG DES  6 TEN EIGENVEKTORS

 -4.8943427411E-01 /   1)  6.3553322502E-01 /   2) -4.3060255414E-01 /   3)  5.5384811890E-01 /   4)
 -7.8847277369E-01 /   5)  1.0000000000E+00 /   6) -6.3269866407E-01 /   7)  1.7564540983E-01 /   8)
 -3.5407282360E-02 /   9)  7.6490149662E-03 /  10) -1.7736577110E-03 /  11)  1.9702112119E-04 /  12)


 ENTWICKLUNG DES  7 TEN EIGENVEKTORS

  4.8595741218E-01 /   1) -6.4137569204E-01 /   2)  4.5747338402E-01 /   3) -5.8113812444E-01 /   4)
  8.4665999179E-01 /   5) -1.0000000000E+00 /   6)  5.2961875711E-01 /   7) -1.0863337769E-01 /   8)
  1.7007398809E-02 /   9) -3.2946310412E-03 /  10)  7.4477813794E-04 /  11) -8.2516709248E-05 /  12)


 ENTWICKLUNG DES  8 TEN EIGENVEKTORS

 -6.7577312700E-01 /   1)  8.7927298467E-01 /   2) -6.0629805678E-01 /   3)  7.9578371527E-01 /   4)
 -1.0000000000E+00 /   5)  9.5287579355E-01 /   6) -4.1440643534E-01 /   7)  6.8422432852E-02 /   8)
 -9.3700101994E-03 /   9)  1.7398142304E-03 /  10) -3.9131014620E-04 /  11)  4.3489586748E-05 /  12)


 ENTWICKLUNG DES  9 TEN EIGENVEKTORS

  7.4759896518E-01 /   1) -1.0000000000E+00 /   2)  7.6040480520E-01 /   3) -8.7036305565E-01 /   4)
  7.7147681692E-01 /   5) -6.0890906888E-01 /   6)  2.3249090889E-01 /   7) -3.4203405256E-02 /   8)
  4.4390172646E-03 /   9) -8.1699088465E-04 /  10)  1.8435619387E-04 /  11) -2.0589184101E-05 /  12)


 ENTWICKLUNG DES 10 TEN EIGENVEKTORS

 -7.7034565825E-01 /   1)  1.0000000000E+00 /   2) -5.4637853522E-01 /   3)  4.6336210106E-01 /   4)
 -3.0755822013E-01 /   5)  2.1702922512E-01 /   6) -7.7599111560E-02 /   7)  1.0881615950E-02 /   8)
 -1.3917450793E-03 /   9)  2.5687585773E-04 /  10) -5.8236886061E-05 /  11)  6.5310421861E-06 /  12)


 ENTWICKLUNG DES 11 TEN EIGENVEKTORS

  7.9342870579E-01 /   1) -1.0000000000E+00 /   2)  3.9184717944E-01 /   3) -2.7937785283E-01 /   4)
  1.6294885457E-01 /   5) -1.1068051449E-01 /   6)  3.8931004535E-02 /   7) -5.4354154422E-03 /   8)
  7.0052354920E-04 /   9) -1.3051334690E-04 /  10)  2.9758752712E-05 /  11) -3.3507729349E-06 /  12)


 ENTWICKLUNG DES 12 TEN EIGENVEKTORS

  8.8614869197E-01 /   1) -1.0000000000E+00 /   2)  2.6145396104E-01 /   3) -1.6339478671E-01 /   4)
  8.7399512766E-02 /   5) -5.7897789817E-02 /   6)  2.0125006815E-02 /   7) -2.7926289028E-03 /   8)
  3.6011221810E-04 /   9) -6.7273506413E-05 /  10)  1.5369433280E-05 /  11) -1.7331498498E-06 /  12)
    1 -TE MATRIX EN,H IN ENPON,OPERATOR    2

           1           2           3           4           5           6           7           8           9          10
   1    3.7063E-04  4.1986E-04  7.7532E-04  1.0415E-03  1.3695E-03  1.5438E-03  1.6801E-03  1.8342E-03  1.9554E-03  2.0248E-03
   2    4.1986E-04  4.7874E-04  9.1807E-04  1.2607E-03  1.6964E-03  1.9335E-03  2.1213E-03  2.3362E-03  2.5072E-03  2.6056E-03
   3    7.7532E-04  9.1807E-04  2.2196E-03  3.5321E-03  5.6121E-03  6.9555E-03  8.1356E-03  9.6194E-03  1.0909E-02  1.1697E-02
   4    1.0415E-03  1.2607E-03  3.5321E-03  6.2525E-03  1.1360E-02  1.5162E-02  1.8829E-02  2.3879E-02  2.8674E-02  3.1798E-02
   5    1.3695E-03  1.6964E-03  5.6121E-03  1.1360E-02  2.4930E-02  3.7356E-02  5.1281E-02  7.3770E-02  9.8948E-02  1.1753E-01
   6    1.5438E-03  1.9335E-03  6.9555E-03  1.5162E-02  3.7356E-02  6.0535E-02  8.9394E-02  1.4203E-01  2.0952E-01  2.6509E-01
   7    1.6801E-03  2.1213E-03  8.1356E-03  1.8829E-02  5.1281E-02  8.9394E-02  1.4190E-01  2.5053E-01  4.1237E-01  5.6400E-01
   8    1.8342E-03  2.3362E-03  9.6194E-03  2.3879E-02  7.3770E-02  1.4203E-01  2.5053E-01  5.2351E-01  1.0489E+00  1.6764E+00
   9    1.9554E-03  2.5072E-03  1.0909E-02  2.8674E-02  9.8948E-02  2.0952E-01  4.1237E-01  1.0489E+00  2.7554E+00  5.6880E+00
  10    2.0248E-03  2.6056E-03  1.1697E-02  3.1798E-02  1.1753E-01  2.6509E-01  5.6400E-01  1.6764E+00  5.6880E+00  1.5851E+01
  11    2.0560E-03  2.6502E-03  1.2065E-02  3.3308E-02  1.2716E-01  2.9582E-01  6.5497E-01  2.1208E+00  8.4476E+00  2.9546E+01
  12    2.0746E-03  2.6767E-03  1.2288E-02  3.4236E-02  1.3329E-01  3.1611E-01  7.1782E-01  2.4597E+00  1.0996E+01  4.6396E+01

          11          12
   1    2.0560E-03  2.0746E-03
   2    2.6502E-03  2.6767E-03
   3    1.2065E-02  1.2288E-02
   4    3.3308E-02  3.4236E-02
   5    1.2716E-01  1.3329E-01
   6    2.9582E-01  3.1611E-01
   7    6.5497E-01  7.1782E-01
   8    2.1208E+00  2.4597E+00
   9    8.4476E+00  1.0996E+01
  10    2.9546E+01  4.6396E+01
  11    6.7838E+01  1.3051E+02
  12    1.3051E+02  3.1741E+02
    2 -TE MATRIX EN,H IN ENPON,OPERATOR    2

           1           2           3           4           5           6           7           8           9          10
   1    3.8463E-01  4.1343E-01  5.2828E-01  5.2770E-01  4.4523E-01  3.6925E-01  2.9564E-01  1.9831E-01  1.1163E-01  5.8210E-02
   2    4.1343E-01  4.4848E-01  6.0416E-01  6.2238E-01  5.4236E-01  4.5678E-01  3.6991E-01  2.5118E-01  1.4270E-01  7.4798E-02
   3    5.2828E-01  6.0416E-01  1.1257E+00  1.4256E+00  1.5677E+00  1.4847E+00  1.3150E+00  9.8630E-01  6.0530E-01  3.3148E-01
   4    5.2770E-01  6.2238E-01  1.4256E+00  2.0956E+00  2.7802E+00  2.9209E+00  2.8133E+00  2.3276E+00  1.5476E+00  8.8838E-01
   5    4.4523E-01  5.4236E-01  1.5677E+00  2.7802E+00  4.8052E+00  5.9360E+00  6.5787E+00  6.4931E+00  5.0406E+00  3.1854E+00
   6    3.6925E-01  4.5678E-01  1.4847E+00  2.9209E+00  5.9360E+00  8.1824E+00  1.0044E+01  1.1393E+01  1.0105E+01  6.9758E+00
   7    2.9564E-01  3.6991E-01  1.3150E+00  2.8133E+00  6.5787E+00  1.0044E+01  1.3642E+01  1.7936E+01  1.8544E+01  1.4277E+01
   8    1.9831E-01  2.5118E-01  9.8630E-01  2.3276E+00  6.4931E+00  1.1393E+01  1.7936E+01  2.9856E+01  4.0650E+01  3.8924E+01
   9    1.1163E-01  1.4270E-01  6.0530E-01  1.5476E+00  5.0406E+00  1.0105E+01  1.8544E+01  4.0650E+01  8.0870E+01  1.1080E+02
  10    5.8210E-02  7.4798E-02  3.3148E-01  8.8838E-01  3.1854E+00  6.9758E+00  1.4277E+01  3.8924E+01  1.1080E+02  2.3106E+02
  11    3.3247E-02  4.2818E-02  1.9352E-01  5.2994E-01  1.9882E+00  4.5469E+00  9.8402E+00  3.0242E+01  1.0776E+02  3.0886E+02
  12    1.8162E-02  2.3422E-02  1.0710E-01  2.9708E-01  1.1457E+00  2.6915E+00  6.0347E+00  2.0077E+01  8.4077E+01  3.1338E+02

          11          12
   1    3.3247E-02  1.8162E-02
   2    4.2818E-02  2.3422E-02
   3    1.9352E-01  1.0710E-01
   4    5.2994E-01  2.9708E-01
   5    1.9882E+00  1.1457E+00
   6    4.5469E+00  2.6915E+00
   7    9.8402E+00  6.0347E+00
   8    3.0242E+01  2.0077E+01
   9    1.0776E+02  8.4077E+01
  10    3.0886E+02  3.1338E+02
  11    5.5279E+02  7.4532E+02
  12    7.4532E+02  1.3952E+03
 KOPPLUNGSMATRIX FUER OPERATOR    2
  0.68090E-01 0.16578E-02-0.12097E-02-0.57401E-03 0.15310E-03-0.37109E-04-0.10181E-03-0.12094E-03-0.88491E-04-0.30327E-04
 -0.97802E-05-0.45337E-05
  0.16578E-02 0.48038E-01-0.16396E-02-0.82734E-03 0.22862E-03-0.53339E-04-0.15310E-03-0.18353E-03-0.13508E-03-0.46891E-04
 -0.78246E-05-0.43886E-05
 -0.12097E-02-0.16396E-02 0.28267E-01 0.82810E-03-0.25230E-03 0.53647E-04 0.16796E-03 0.20620E-03 0.15366E-03 0.53350E-04
  0.15064E-04 0.71228E-05
 -0.57401E-03-0.82734E-03 0.82810E-03 0.13273E-01-0.20750E-03 0.40582E-04 0.14779E-03 0.18912E-03 0.14404E-03 0.51098E-04
  0.92747E-05 0.48962E-05
  0.15310E-03 0.22862E-03-0.25230E-03-0.20750E-03 0.58336E-02-0.26102E-04-0.11519E-03-0.15922E-03-0.12713E-03-0.45970E-04
 -0.13632E-04-0.60842E-05
 -0.37109E-04-0.53339E-04 0.53647E-04 0.40582E-04-0.26102E-04 0.27859E-02-0.86788E-04-0.13571E-03-0.11741E-03-0.45417E-04
 -0.92551E-05-0.42058E-05
 -0.10181E-03-0.15310E-03 0.16796E-03 0.14779E-03-0.11519E-03-0.86788E-04 0.16787E-02-0.12097E-03-0.12208E-03-0.51601E-04
 -0.17102E-04-0.63864E-05
 -0.12094E-03-0.18353E-03 0.20620E-03 0.18912E-03-0.15922E-03-0.13571E-03-0.12097E-03 0.14712E-02-0.14840E-03-0.77531E-04
 -0.23413E-04-0.69163E-05
 -0.88491E-04-0.13508E-03 0.15366E-03 0.14404E-03-0.12713E-03-0.11741E-03-0.12208E-03-0.14840E-03 0.10041E-02-0.98912E-04
 -0.50592E-04-0.10610E-04
 -0.30327E-04-0.46891E-04 0.53350E-04 0.51098E-04-0.45970E-04-0.45417E-04-0.51601E-04-0.77531E-04-0.98912E-04 0.30438E-03
 -0.58120E-04-0.25203E-05
 -0.97802E-05-0.78246E-05 0.15064E-04 0.92747E-05-0.13632E-04-0.92551E-05-0.17102E-04-0.23413E-04-0.50592E-04-0.58120E-04
  0.25494E-03 0.17801E-04
 -0.45337E-05-0.43886E-05 0.71228E-05 0.48962E-05-0.60842E-05-0.42058E-05-0.63864E-05-0.69163E-05-0.10610E-04-0.25203E-05
  0.17801E-04 0.19430E-03
  NORMMATRIX
  0.21586E-01-0.26368E-15-0.31225E-16-0.34694E-17 0.10408E-16-0.59197E-16 0.35345E-16-0.69931E-17 0.82806E-17 0.32689E-16
 -0.30937E-16-0.26419E-16
 -0.24980E-15 0.46203E-02-0.15959E-15 0.68522E-16 0.80231E-17 0.27756E-16-0.22335E-16 0.33204E-16-0.11831E-16-0.32912E-16
  0.32640E-16 0.25051E-16
  0.41633E-16-0.17174E-15 0.11638E-02 0.53343E-16 0.11926E-17 0.25641E-16-0.34464E-16 0.25519E-16-0.12526E-16-0.27274E-16
  0.28514E-16 0.23195E-16
 -0.62450E-16 0.84134E-16 0.58547E-16 0.26512E-03-0.71015E-17-0.39546E-16 0.39438E-16-0.44971E-16 0.20866E-16 0.29839E-16
 -0.28865E-16-0.23128E-16
 -0.37297E-16 0.26671E-16 0.30249E-16-0.76436E-17 0.59855E-04-0.49453E-16 0.39082E-16-0.30865E-16 0.20873E-16 0.30767E-16
 -0.28818E-16-0.23746E-16
 -0.27105E-16 0.11709E-16 0.35237E-17-0.18215E-16-0.53817E-16 0.15393E-04-0.32981E-16 0.29500E-16-0.15919E-16-0.38599E-16
  0.29941E-16 0.23555E-16
  0.16588E-16-0.11493E-16-0.12590E-16 0.32255E-16 0.35979E-16-0.37280E-16 0.52410E-05-0.90988E-17 0.15161E-16 0.45010E-16
 -0.35096E-16-0.27037E-16
 -0.82941E-17 0.22850E-16 0.18852E-16-0.47349E-16-0.51445E-16 0.34682E-16-0.20405E-16 0.27212E-05-0.10975E-16-0.63282E-16
  0.44857E-16 0.35418E-16
  0.12902E-16-0.15301E-16-0.18354E-16 0.27598E-16 0.31281E-16-0.23250E-16 0.22640E-16-0.21359E-16 0.11343E-05 0.10094E-15
 -0.54678E-16-0.37906E-16
  0.28040E-16-0.28399E-16-0.21972E-16 0.23852E-16 0.24139E-16-0.31985E-16 0.38472E-16-0.59652E-16 0.99482E-16 0.22207E-06
  0.28284E-16 0.21691E-16
 -0.28521E-16 0.28442E-16 0.25002E-16-0.25747E-16-0.23908E-16 0.25646E-16-0.31777E-16 0.42464E-16-0.53910E-16 0.28246E-16
  0.11984E-06-0.16770E-16
 -0.24852E-16 0.23774E-16 0.21185E-16-0.20435E-16-0.21167E-16 0.21227E-16-0.24986E-16 0.33005E-16-0.36891E-16 0.21475E-16
 -0.16908E-16 0.51069E-07
    1 -TE MATRIX EN,H IN ENPON,OPERATOR    3

           1           2           3           4           5           6           7           8           9          10
   1    3.7063E-04  4.1986E-04  7.7532E-04  1.0415E-03  1.3695E-03  1.5438E-03  1.6801E-03  1.8342E-03  1.9554E-03  2.0248E-03
   2    4.1986E-04  4.7874E-04  9.1807E-04  1.2607E-03  1.6964E-03  1.9335E-03  2.1213E-03  2.3362E-03  2.5072E-03  2.6056E-03
   3    7.7532E-04  9.1807E-04  2.2196E-03  3.5321E-03  5.6121E-03  6.9555E-03  8.1356E-03  9.6194E-03  1.0909E-02  1.1697E-02
   4    1.0415E-03  1.2607E-03  3.5321E-03  6.2525E-03  1.1360E-02  1.5162E-02  1.8829E-02  2.3879E-02  2.8674E-02  3.1798E-02
   5    1.3695E-03  1.6964E-03  5.6121E-03  1.1360E-02  2.4930E-02  3.7356E-02  5.1281E-02  7.3770E-02  9.8948E-02  1.1753E-01
   6    1.5438E-03  1.9335E-03  6.9555E-03  1.5162E-02  3.7356E-02  6.0535E-02  8.9394E-02  1.4203E-01  2.0952E-01  2.6509E-01
   7    1.6801E-03  2.1213E-03  8.1356E-03  1.8829E-02  5.1281E-02  8.9394E-02  1.4190E-01  2.5053E-01  4.1237E-01  5.6400E-01
   8    1.8342E-03  2.3362E-03  9.6194E-03  2.3879E-02  7.3770E-02  1.4203E-01  2.5053E-01  5.2351E-01  1.0489E+00  1.6764E+00
   9    1.9554E-03  2.5072E-03  1.0909E-02  2.8674E-02  9.8948E-02  2.0952E-01  4.1237E-01  1.0489E+00  2.7554E+00  5.6880E+00
  10    2.0248E-03  2.6056E-03  1.1697E-02  3.1798E-02  1.1753E-01  2.6509E-01  5.6400E-01  1.6764E+00  5.6880E+00  1.5851E+01
  11    2.0560E-03  2.6502E-03  1.2065E-02  3.3308E-02  1.2716E-01  2.9582E-01  6.5497E-01  2.1208E+00  8.4476E+00  2.9546E+01
  12    2.0746E-03  2.6767E-03  1.2288E-02  3.4236E-02  1.3329E-01  3.1611E-01  7.1782E-01  2.4597E+00  1.0996E+01  4.6396E+01

          11          12
   1    2.0560E-03  2.0746E-03
   2    2.6502E-03  2.6767E-03
   3    1.2065E-02  1.2288E-02
   4    3.3308E-02  3.4236E-02
   5    1.2716E-01  1.3329E-01
   6    2.9582E-01  3.1611E-01
   7    6.5497E-01  7.1782E-01
   8    2.1208E+00  2.4597E+00
   9    8.4476E+00  1.0996E+01
  10    2.9546E+01  4.6396E+01
  11    6.7838E+01  1.3051E+02
  12    1.3051E+02  3.1741E+02
    2 -TE MATRIX EN,H IN ENPON,OPERATOR    3

           1           2           3           4           5           6           7           8           9          10
   1    0.0000E+00  0.0000E+00  0.0000E+00  0.0000E+00  0.0000E+00  0.0000E+00  0.0000E+00  0.0000E+00  0.0000E+00  0.0000E+00
   2    0.0000E+00  0.0000E+00  0.0000E+00  0.0000E+00  0.0000E+00  0.0000E+00  0.0000E+00  0.0000E+00  0.0000E+00  0.0000E+00
   3    0.0000E+00  0.0000E+00  0.0000E+00  0.0000E+00  0.0000E+00  0.0000E+00  0.0000E+00  0.0000E+00  0.0000E+00  0.0000E+00
   4    0.0000E+00  0.0000E+00  0.0000E+00  0.0000E+00  0.0000E+00  0.0000E+00  0.0000E+00  0.0000E+00  0.0000E+00  0.0000E+00
   5    0.0000E+00  0.0000E+00  0.0000E+00  0.0000E+00  0.0000E+00  0.0000E+00  0.0000E+00  0.0000E+00  0.0000E+00  0.0000E+00
   6    0.0000E+00  0.0000E+00  0.0000E+00  0.0000E+00  0.0000E+00  0.0000E+00  0.0000E+00  0.0000E+00  0.0000E+00  0.0000E+00
   7    0.0000E+00  0.0000E+00  0.0000E+00  0.0000E+00  0.0000E+00  0.0000E+00  0.0000E+00  0.0000E+00  0.0000E+00  0.0000E+00
   8    0.0000E+00  0.0000E+00  0.0000E+00  0.0000E+00  0.0000E+00  0.0000E+00  0.0000E+00  0.0000E+00  0.0000E+00  0.0000E+00
   9    0.0000E+00  0.0000E+00  0.0000E+00  0.0000E+00  0.0000E+00  0.0000E+00  0.0000E+00  0.0000E+00  0.0000E+00  0.0000E+00
  10    0.0000E+00  0.0000E+00  0.0000E+00  0.0000E+00  0.0000E+00  0.0000E+00  0.0000E+00  0.0000E+00  0.0000E+00  0.0000E+00
  11    0.0000E+00  0.0000E+00  0.0000E+00  0.0000E+00  0.0000E+00  0.0000E+00  0.0000E+00  0.0000E+00  0.0000E+00  0.0000E+00
  12    0.0000E+00  0.0000E+00  0.0000E+00  0.0000E+00  0.0000E+00  0.0000E+00  0.0000E+00  0.0000E+00  0.0000E+00  0.0000E+00

          11          12
   1    0.0000E+00  0.0000E+00
   2    0.0000E+00  0.0000E+00
   3    0.0000E+00  0.0000E+00
   4    0.0000E+00  0.0000E+00
