  DM-MATRIZEN WERDEN AUF MATOUTKOPIERT
  0.1000E+01  0.1000E+01  0.1000E+01  0.1000E+01  0.1000E+01  0.1000E+01  0.1000E+01
  0.1000E+01  0.1000E+01  0.1000E+01  0.1000E+01  0.1000E+01

     1
     1  1     1  0     1  1  0     0  0  0  0  0     0

     2
     1  1     1  0     1  1  2     0  0  0  0  0     0

     3
     1  1     1  0     1  1  0     0  0  0  1  1     0

     4
     1  1     1  0     1  1  2     0  0  0  1  1     0

     5
     1  1     1  0     1  1  0     0  0  0  2  2     0

     6
     1  1     1  0     1  1  2     0  0  0  2  2     0

     7
     1  1     1  0     1  1  0     0  0  0  3  3     0

     8
     1  1     1  0     1  1  2     0  0  0  3  3     0
 GESAMTDREHIMPULS =   2 /2  PARITAET = +


 OPERATOREN 
  1  1  1  1  0  1  1  1  1  1
  1  1  1  1
0/  1 ) =    1.0000 /  2 )
 BENUTZTE RADIALFUNKTIONEN    
  1  1  1  1  1  1  1  1  1  1
0/  2 ) =    1.0000 /  6 )
 BENUTZTE RADIALFUNKTIONEN    
  1  1  1  1  1  1  1  1  1  1
 OPW  0.12621E-01 0.34247E-01 0.49285E-01 0.80397E-01 0.11576E+00 0.15287E+00 0.21443E+00 0.36821E+00 0.94304E+00 0.66719E+01
 OPW  0.42089E+01 0.58704E+01 0.66278E+01 0.78021E+01 0.88102E+01 0.96657E+01 0.10820E+02 0.12957E+02 0.17727E+02 0.34031E+02
 OPW  0.41170E-03 0.42279E-02 0.98859E-02 0.30968E-01 0.72498E-01 0.13870E+00 0.30549E+00 0.10787E+01 0.96808E+01 0.93024E+03
 OPW  0.32035E+00 0.16910E+01 0.31020E+01 0.70122E+01 0.12874E+02 0.20463E+02 0.35968E+02 0.88566E+02 0.42462E+03 0.11071E+05


 DER  1 TE PARAMETERSATZ DER   1 TEN STRUKTUR = /   1 ) LIEFERT
 KINETISCHE ENERGIE =       333.4742029
 COULOMB ENERGIE=             0.0000000
 ZENTRAL ENERGIE=           703.9900270
 L-QUADRAT    =               0.0000000
 LS**2 SKALAR  =              0.0000000
 SPINBAHN ENERGIE =           0.0000000
 LS**2 VEKTOR   =             0.0000000
 TENSOR ENERGIE =             0.0000000
 LS**2 TENSOR   =             0.0000000
 ISO-TENSOR SKA =             0.0000000
 ISO-TENSOR TEN =             0.0000000
 CHARGE ASYMMET =             0.0000000
 GESAMTE     ENERGIE =    1037.4642299



 DER  2 TE PARAMETERSATZ DER   1 TEN STRUKTUR = /   2 ) LIEFERT
 KINETISCHE ENERGIE =       171.4148220
 COULOMB ENERGIE=             0.0000000
 ZENTRAL ENERGIE=           347.7852219
 L-QUADRAT    =               0.0000000
 LS**2 SKALAR  =              0.0000000
 SPINBAHN ENERGIE =           0.0000000
 LS**2 VEKTOR   =             0.0000000
 TENSOR ENERGIE =             0.0000000
 LS**2 TENSOR   =             0.0000000
 ISO-TENSOR SKA =            -0.0000000
 ISO-TENSOR TEN =             0.0000000
 CHARGE ASYMMET =             0.0000000
 GESAMTE     ENERGIE =     519.2000439



 DER  3 TE PARAMETERSATZ DER   1 TEN STRUKTUR = /   3 ) LIEFERT
 KINETISCHE ENERGIE =       134.4782464
 COULOMB ENERGIE=             0.0000000
 ZENTRAL ENERGIE=           255.4430377
 L-QUADRAT    =               0.0000000
 LS**2 SKALAR  =              0.0000000
 SPINBAHN ENERGIE =           0.0000000
 LS**2 VEKTOR   =             0.0000000
 TENSOR ENERGIE =             0.0000000
 LS**2 TENSOR   =             0.0000000
 ISO-TENSOR SKA =            -0.0000000
 ISO-TENSOR TEN =             0.0000000
 CHARGE ASYMMET =             0.0000000
 GESAMTE     ENERGIE =     389.9212841



 DER  4 TE PARAMETERSATZ DER   1 TEN STRUKTUR = /   4 ) LIEFERT
 KINETISCHE ENERGIE =        97.0440410
 COULOMB ENERGIE=             0.0000000
 ZENTRAL ENERGIE=           162.0261959
 L-QUADRAT    =               0.0000000
 LS**2 SKALAR  =              0.0000000
 SPINBAHN ENERGIE =           0.0000000
 LS**2 VEKTOR   =             0.0000000
 TENSOR ENERGIE =             0.0000000
 LS**2 TENSOR   =             0.0000000
 ISO-TENSOR SKA =            -0.0000000
 ISO-TENSOR TEN =             0.0000000
 CHARGE ASYMMET =             0.0000000
 GESAMTE     ENERGIE =     259.0702369



 DER  5 TE PARAMETERSATZ DER   1 TEN STRUKTUR = /   5 ) LIEFERT
 KINETISCHE ENERGIE =        76.1062651
 COULOMB ENERGIE=             0.0000000
 ZENTRAL ENERGIE=           112.2139470
 L-QUADRAT    =               0.0000000
 LS**2 SKALAR  =              0.0000000
 SPINBAHN ENERGIE =           0.0000000
 LS**2 VEKTOR   =             0.0000000
 TENSOR ENERGIE =             0.0000000
 LS**2 TENSOR   =             0.0000000
 ISO-TENSOR SKA =            -0.0000000
 ISO-TENSOR TEN =             0.0000000
 CHARGE ASYMMET =             0.0000000
 GESAMTE     ENERGIE =     188.3202121



 DER  6 TE PARAMETERSATZ DER   1 TEN STRUKTUR = /   6 ) LIEFERT
 KINETISCHE ENERGIE =        63.2300927
 COULOMB ENERGIE=             0.0000000
 ZENTRAL ENERGIE=            83.5168393
 L-QUADRAT    =               0.0000000
 LS**2 SKALAR  =              0.0000000
 SPINBAHN ENERGIE =           0.0000000
 LS**2 VEKTOR   =             0.0000000
 TENSOR ENERGIE =             0.0000000
 LS**2 TENSOR   =             0.0000000
 ISO-TENSOR SKA =            -0.0000000
 ISO-TENSOR TEN =             0.0000000
 CHARGE ASYMMET =             0.0000000
 GESAMTE     ENERGIE =     146.7469321



 DER  7 TE PARAMETERSATZ DER   1 TEN STRUKTUR = /   7 ) LIEFERT
 KINETISCHE ENERGIE =        50.4596667
 COULOMB ENERGIE=             0.0000000
 ZENTRAL ENERGIE=            57.3196538
 L-QUADRAT    =               0.0000000
 LS**2 SKALAR  =              0.0000000
 SPINBAHN ENERGIE =           0.0000000
 LS**2 VEKTOR   =             0.0000000
 TENSOR ENERGIE =             0.0000000
 LS**2 TENSOR   =             0.0000000
 ISO-TENSOR SKA =             0.0000000
 ISO-TENSOR TEN =             0.0000000
 CHARGE ASYMMET =             0.0000000
 GESAMTE     ENERGIE =     107.7793205



 DER  8 TE PARAMETERSATZ DER   1 TEN STRUKTUR = /   8 ) LIEFERT
 KINETISCHE ENERGIE =        35.1886507
 COULOMB ENERGIE=             0.0000000
 ZENTRAL ENERGIE=            30.2751818
 L-QUADRAT    =               0.0000000
 LS**2 SKALAR  =              0.0000000
 SPINBAHN ENERGIE =           0.0000000
 LS**2 VEKTOR   =             0.0000000
 TENSOR ENERGIE =             0.0000000
 LS**2 TENSOR   =             0.0000000
 ISO-TENSOR SKA =            -0.0000000
 ISO-TENSOR TEN =             0.0000000
 CHARGE ASYMMET =             0.0000000
 GESAMTE     ENERGIE =      65.4638326



 DER  9 TE PARAMETERSATZ DER   1 TEN STRUKTUR = /   9 ) LIEFERT
 KINETISCHE ENERGIE =        18.7979676
 COULOMB ENERGIE=             0.0000000
 ZENTRAL ENERGIE=             8.9600331
 L-QUADRAT    =               0.0000000
 LS**2 SKALAR  =              0.0000000
 SPINBAHN ENERGIE =           0.0000000
 LS**2 VEKTOR   =             0.0000000
 TENSOR ENERGIE =             0.0000000
 LS**2 TENSOR   =             0.0000000
 ISO-TENSOR SKA =             0.0000000
 ISO-TENSOR TEN =             0.0000000
 CHARGE ASYMMET =             0.0000000
 GESAMTE     ENERGIE =      27.7580007



 DER 10 TE PARAMETERSATZ DER   1 TEN STRUKTUR = /  10 ) LIEFERT
 KINETISCHE ENERGIE =         5.1007060
 COULOMB ENERGIE=             0.0000000
 ZENTRAL ENERGIE=             0.3769466
 L-QUADRAT    =               0.0000000
 LS**2 SKALAR  =              0.0000000
 SPINBAHN ENERGIE =           0.0000000
 LS**2 VEKTOR   =             0.0000000
 TENSOR ENERGIE =             0.0000000
 LS**2 TENSOR   =             0.0000000
 ISO-TENSOR SKA =             0.0000000
 ISO-TENSOR TEN =             0.0000000
 CHARGE ASYMMET =             0.0000000
 GESAMTE     ENERGIE =       5.4776526



 DER  1 TE PARAMETERSATZ DER   2 TEN STRUKTUR = /  11 ) LIEFERT
 KINETISCHE ENERGIE =       778.1064734
 COULOMB ENERGIE=             0.0000000
 ZENTRAL ENERGIE=            90.6021452
 L-QUADRAT    =             391.1163198
 LS**2 SKALAR  =           -233.0944390
 SPINBAHN ENERGIE =         -46.5890194
 LS**2 VEKTOR   =           -87.4104119
 TENSOR ENERGIE =           139.2171533
 LS**2 TENSOR   =          -203.9576130
 ISO-TENSOR SKA =            -0.0000000
 ISO-TENSOR TEN =             0.0000000
 CHARGE ASYMMET =             0.0000000
 GESAMTE     ENERGIE =     827.9906084



 DER  2 TE PARAMETERSATZ DER   2 TEN STRUKTUR = /  12 ) LIEFERT
 KINETISCHE ENERGIE =       399.9679181
 COULOMB ENERGIE=             0.0000000
 ZENTRAL ENERGIE=            -8.9253244
 L-QUADRAT    =             160.7254044
 LS**2 SKALAR  =            -96.2272154
 SPINBAHN ENERGIE =         -10.2717319
 LS**2 VEKTOR   =           -36.0852047
 TENSOR ENERGIE =            93.5544769
 LS**2 TENSOR   =           -84.1988048
 ISO-TENSOR SKA =            -0.0000000
 ISO-TENSOR TEN =            -0.0000000
 CHARGE ASYMMET =             0.0000000
 GESAMTE     ENERGIE =     418.5395181



 DER  3 TE PARAMETERSATZ DER   2 TEN STRUKTUR = /  13 ) LIEFERT
 KINETISCHE ENERGIE =       313.7825750
 COULOMB ENERGIE=             0.0000000
 ZENTRAL ENERGIE=           -15.9322368
 L-QUADRAT    =             107.0689388
 LS**2 SKALAR  =            -64.0885424
 SPINBAHN ENERGIE =          -4.1652088
 LS**2 VEKTOR   =           -24.0332027
 TENSOR ENERGIE =            76.7915886
 LS**2 TENSOR   =           -56.0774688
 ISO-TENSOR SKA =             0.0000000
 ISO-TENSOR TEN =            -0.0000000
 CHARGE ASYMMET =             0.0000000
 GESAMTE     ENERGIE =     333.3464431



 DER  4 TE PARAMETERSATZ DER   2 TEN STRUKTUR = /  14 ) LIEFERT
 KINETISCHE ENERGIE =       226.4360957
 COULOMB ENERGIE=             0.0000000
 ZENTRAL ENERGIE=           -15.8499352
 L-QUADRAT    =              57.8802874
 LS**2 SKALAR  =            -34.6187905
 SPINBAHN ENERGIE =          -0.1184096
 LS**2 VEKTOR   =           -12.9820461
 TENSOR ENERGIE =            55.9686062
 LS**2 TENSOR   =           -30.2914386
 ISO-TENSOR SKA =             0.0000000
 ISO-TENSOR TEN =            -0.0000000
 CHARGE ASYMMET =             0.0000000
 GESAMTE     ENERGIE =     246.4243693



 DER  5 TE PARAMETERSATZ DER   2 TEN STRUKTUR = /  15 ) LIEFERT
 KINETISCHE ENERGIE =       177.5812852
 COULOMB ENERGIE=             0.0000000
 ZENTRAL ENERGIE=           -13.0489441
 L-QUADRAT    =              34.8100647
 LS**2 SKALAR  =            -20.8141491
 SPINBAHN ENERGIE =           0.9467441
 LS**2 VEKTOR   =            -7.8053057
 TENSOR ENERGIE =            42.5919295
 LS**2 TENSOR   =           -18.2123786
 ISO-TENSOR SKA =             0.0000000
 ISO-TENSOR TEN =            -0.0000000
 CHARGE ASYMMET =             0.0000000
 GESAMTE     ENERGIE =     196.0492460



 DER  6 TE PARAMETERSATZ DER   2 TEN STRUKTUR = /  16 ) LIEFERT
 KINETISCHE ENERGIE =       147.5368831
 COULOMB ENERGIE=             0.0000000
 ZENTRAL ENERGIE=           -10.6151458
 L-QUADRAT    =              22.9735003
 LS**2 SKALAR  =            -13.7367087
 SPINBAHN ENERGIE =           1.1510616
 LS**2 VEKTOR   =            -5.1512656
 TENSOR ENERGIE =            33.8957214
 LS**2 TENSOR   =           -12.0196189
 ISO-TENSOR SKA =             0.0000000
 ISO-TENSOR TEN =            -0.0000000
 CHARGE ASYMMET =             0.0000000
 GESAMTE     ENERGIE =     164.0344273



 DER  7 TE PARAMETERSATZ DER   2 TEN STRUKTUR = /  17 ) LIEFERT
 KINETISCHE ENERGIE =       117.7392224
 COULOMB ENERGIE=             0.0000000
 ZENTRAL ENERGIE=            -7.8850202
 L-QUADRAT    =              13.4308201
 LS**2 SKALAR  =             -8.0302707
 SPINBAHN ENERGIE =           1.0500495
 LS**2 VEKTOR   =            -3.0113514
 TENSOR ENERGIE =            25.1277963
 LS**2 TENSOR   =            -7.0264861
 ISO-TENSOR SKA =             0.0000000
 ISO-TENSOR TEN =            -0.0000000
 CHARGE ASYMMET =             0.0000000
 GESAMTE     ENERGIE =     131.3947598



 DER  8 TE PARAMETERSATZ DER   2 TEN STRUKTUR = /  18 ) LIEFERT
 KINETISCHE ENERGIE =        82.1068517
 COULOMB ENERGIE=             0.0000000
 ZENTRAL ENERGIE=            -4.5513211
 L-QUADRAT    =               5.3349392
 LS**2 SKALAR  =             -3.1828874
 SPINBAHN ENERGIE =           0.6508385
 LS**2 VEKTOR   =            -1.1935827
 TENSOR ENERGIE =            14.9189787
 LS**2 TENSOR   =            -2.7850262
 ISO-TENSOR SKA =             0.0000000
 ISO-TENSOR TEN =            -0.0000000
 CHARGE ASYMMET =             0.0000000
 GESAMTE     ENERGIE =      91.2987908



 DER  9 TE PARAMETERSATZ DER   2 TEN STRUKTUR = /  19 ) LIEFERT
 KINETISCHE ENERGIE =        43.8619243
 COULOMB ENERGIE=             0.0000000
 ZENTRAL ENERGIE=            -1.5112242
 L-QUADRAT    =               0.9073968
 LS**2 SKALAR  =             -0.5303235
 SPINBAHN ENERGIE =           0.1713991
 LS**2 VEKTOR   =            -0.1988713
 TENSOR ENERGIE =             5.3988977
 LS**2 TENSOR   =            -0.4640330
 ISO-TENSOR SKA =             0.0000000
 ISO-TENSOR TEN =             0.0000000
 CHARGE ASYMMET =             0.0000000
 GESAMTE     ENERGIE =      47.6351660



 DER 10 TE PARAMETERSATZ DER   2 TEN STRUKTUR = /  20 ) LIEFERT
 KINETISCHE ENERGIE =        11.9016472
 COULOMB ENERGIE=             0.0000000
 ZENTRAL ENERGIE=            -0.1074778
 L-QUADRAT    =               0.0144366
 LS**2 SKALAR  =             -0.0073504
 SPINBAHN ENERGIE =           0.0039240
 LS**2 VEKTOR   =            -0.0027564
 TENSOR ENERGIE =             0.4260954
 LS**2 TENSOR   =            -0.0064316
 ISO-TENSOR SKA =             0.0000000
 ISO-TENSOR TEN =             0.0000000
 CHARGE ASYMMET =             0.0000000
 GESAMTE     ENERGIE =      12.2220871

  NORM UND HAMILTONMATRIX VOR DIAGONALISATION

                     1                     2                     3                     4                     5
   1    1.26212170833323E-02  1.91622145913522E-02  2.14751896391491E-02  2.43361713524959E-02  2.62259203529156E-02
   2    1.91622145913522E-02  3.42469613081394E-02  4.06335850035880E-02  4.94223025396529E-02  5.58240433116601E-02
   3    2.14751896391491E-02  4.06335850035880E-02  4.92852024844280E-02  6.17092669970819E-02  7.11377223631552E-02
   4    2.43361713524959E-02  4.94223025396529E-02  6.17092669970819E-02  8.03972681930294E-02  9.54123734161407E-02
   5    2.62259203529157E-02  5.58240433116601E-02  7.11377223631552E-02  9.54123734161407E-02  1.15761457704420E-01
   6    2.75130818405635E-02  6.04815447443584E-02  7.81991644825771E-02  1.07138222603906E-01  1.32173050497048E-01
   7    2.88971462287092E-02  6.57776782578353E-02  8.64371951111314E-02  1.21348717006973E-01  1.52673746616185E-01
   8    3.07111107517928E-02  7.32037229919569E-02  9.83657524145445E-02  1.42965529424941E-01  1.85151232210879E-01
   9    3.28792643511361E-02  8.28666958528533E-02  1.14558534133781E-01  1.74357436857508E-01  2.35131720457325E-01
  10    3.48945369379896E-02  9.26969021545964E-02  1.31828616128988E-01  2.10579232901300E-01  2.97063727849705E-01
  11    0.00000000000000E+00  0.00000000000000E+00  0.00000000000000E+00  0.00000000000000E+00  0.00000000000000E+00
  12    0.00000000000000E+00  0.00000000000000E+00  0.00000000000000E+00  0.00000000000000E+00  0.00000000000000E+00
  13    0.00000000000000E+00  0.00000000000000E+00  0.00000000000000E+00  0.00000000000000E+00  0.00000000000000E+00
  14    0.00000000000000E+00  0.00000000000000E+00  0.00000000000000E+00  0.00000000000000E+00  0.00000000000000E+00
  15    0.00000000000000E+00  0.00000000000000E+00  0.00000000000000E+00  0.00000000000000E+00  0.00000000000000E+00
  16    0.00000000000000E+00  0.00000000000000E+00  0.00000000000000E+00  0.00000000000000E+00  0.00000000000000E+00
  17    0.00000000000000E+00  0.00000000000000E+00  0.00000000000000E+00  0.00000000000000E+00  0.00000000000000E+00
  18    0.00000000000000E+00  0.00000000000000E+00  0.00000000000000E+00  0.00000000000000E+00  0.00000000000000E+00
  19    0.00000000000000E+00  0.00000000000000E+00  0.00000000000000E+00  0.00000000000000E+00  0.00000000000000E+00
  20    0.00000000000000E+00  0.00000000000000E+00  0.00000000000000E+00  0.00000000000000E+00  0.00000000000000E+00

                     6                     7                     8                     9                    10
   1    2.75130818405634E-02  2.88971462287091E-02  3.07111107517928E-02  3.28792643511361E-02  3.48945369379896E-02
   2    6.04815447443584E-02  6.57776782578353E-02  7.32037229919568E-02  8.28666958528532E-02  9.26969021545964E-02
   3    7.81991644825771E-02  8.64371951111313E-02  9.83657524145445E-02  1.14558534133781E-01  1.31828616128988E-01
   4    1.07138222603906E-01  1.21348717006973E-01  1.42965529424941E-01  1.74357436857508E-01  2.10579232901299E-01
   5    1.32173050497048E-01  1.52673746616185E-01  1.85151232210879E-01  2.35131720457325E-01  2.97063727849705E-01
   6    1.52865285932334E-01  1.79331909655495E-01  2.22650087775348E-01  2.92614559720472E-01  3.84870699391169E-01
   7    1.79331909655495E-01  2.14426291465716E-01  2.74259286001099E-01  3.77170845639591E-01  5.24918488180956E-01
   8    2.22650087775348E-01  2.74259286001099E-01  3.68205845853307E-01  5.48037666406007E-01  8.50068836731618E-01
   9    2.92614559720472E-01  3.77170845639591E-01  5.48037666406007E-01  9.43035968259453E-01  1.86071089328321E+00
  10    3.84870699391169E-01  5.24918488180956E-01  8.50068836731618E-01  1.86071089328321E+00  6.67189447717549E+00
  11    0.00000000000000E+00  0.00000000000000E+00  0.00000000000000E+00  0.00000000000000E+00  0.00000000000000E+00
  12    0.00000000000000E+00  0.00000000000000E+00  0.00000000000000E+00  0.00000000000000E+00  0.00000000000000E+00
  13    0.00000000000000E+00  0.00000000000000E+00  0.00000000000000E+00  0.00000000000000E+00  0.00000000000000E+00
  14    0.00000000000000E+00  0.00000000000000E+00  0.00000000000000E+00  0.00000000000000E+00  0.00000000000000E+00
  15    0.00000000000000E+00  0.00000000000000E+00  0.00000000000000E+00  0.00000000000000E+00  0.00000000000000E+00
  16    0.00000000000000E+00  0.00000000000000E+00  0.00000000000000E+00  0.00000000000000E+00  0.00000000000000E+00
  17    0.00000000000000E+00  0.00000000000000E+00  0.00000000000000E+00  0.00000000000000E+00  0.00000000000000E+00
  18    0.00000000000000E+00  0.00000000000000E+00  0.00000000000000E+00  0.00000000000000E+00  0.00000000000000E+00
  19    0.00000000000000E+00  0.00000000000000E+00  0.00000000000000E+00  0.00000000000000E+00  0.00000000000000E+00
  20    0.00000000000000E+00  0.00000000000000E+00  0.00000000000000E+00  0.00000000000000E+00  0.00000000000000E+00

                    11                    12                    13                    14                    15
   1    0.00000000000000E+00  0.00000000000000E+00  0.00000000000000E+00  0.00000000000000E+00  0.00000000000000E+00
   2    0.00000000000000E+00  0.00000000000000E+00  0.00000000000000E+00  0.00000000000000E+00  0.00000000000000E+00
   3    0.00000000000000E+00  0.00000000000000E+00  0.00000000000000E+00  0.00000000000000E+00  0.00000000000000E+00
   4    0.00000000000000E+00  0.00000000000000E+00  0.00000000000000E+00  0.00000000000000E+00  0.00000000000000E+00
   5    0.00000000000000E+00  0.00000000000000E+00  0.00000000000000E+00  0.00000000000000E+00  0.00000000000000E+00
   6    0.00000000000000E+00  0.00000000000000E+00  0.00000000000000E+00  0.00000000000000E+00  0.00000000000000E+00
   7    0.00000000000000E+00  0.00000000000000E+00  0.00000000000000E+00  0.00000000000000E+00  0.00000000000000E+00
   8    0.00000000000000E+00  0.00000000000000E+00  0.00000000000000E+00  0.00000000000000E+00  0.00000000000000E+00
   9    0.00000000000000E+00  0.00000000000000E+00  0.00000000000000E+00  0.00000000000000E+00  0.00000000000000E+00
  10    0.00000000000000E+00  0.00000000000000E+00  0.00000000000000E+00  0.00000000000000E+00  0.00000000000000E+00
  11    4.11700035965141E-04  1.09073182427483E-03  1.42297642142880E-03  1.90516800863607E-03  2.26838312616979E-03
  12    1.09073182427483E-03  4.22794621065769E-03  6.30100776266560E-03  9.95019581775042E-03  1.32209002123354E-02
  13    1.42297642142880E-03  6.30100776266560E-03  9.88590937398539E-03  1.67043247389329E-02  2.32761555323958E-02
  14    1.90516800863607E-03  9.95019581775042E-03  1.67043247389329E-02  3.09676108782580E-02  4.61766388271524E-02
  15    2.26838312616979E-03  1.32209002123354E-02  2.32761555323958E-02  4.61766388271525E-02  7.24982164202632E-02
  16    2.53670274909444E-03  1.59391342103064E-02  2.90279444213114E-02  6.05176013879534E-02  9.87820764192344E-02
  17    2.84450203814571E-03  1.93877739142558E-02  3.66701685250130E-02  8.09270035953300E-02  1.38291302561647E-01
  18    3.27869417623294E-03  2.48841081622859E-02  4.95808341229767E-02  1.18636357906339E-01  2.16890286181687E-01
  19    3.84440884186348E-03  3.32326320263139E-02  7.07525447198609E-02  1.88526525482175E-01  3.78794969864324E-01
  20    4.41684384137506E-03  4.31681596734127E-02  9.81824737335509E-02  2.92851606793139E-01  6.53622732913537E-01

                    16                    17                    18                    19                    20
   1    0.00000000000000E+00  0.00000000000000E+00  0.00000000000000E+00  0.00000000000000E+00  0.00000000000000E+00
   2    0.00000000000000E+00  0.00000000000000E+00  0.00000000000000E+00  0.00000000000000E+00  0.00000000000000E+00
   3    0.00000000000000E+00  0.00000000000000E+00  0.00000000000000E+00  0.00000000000000E+00  0.00000000000000E+00
   4    0.00000000000000E+00  0.00000000000000E+00  0.00000000000000E+00  0.00000000000000E+00  0.00000000000000E+00
   5    0.00000000000000E+00  0.00000000000000E+00  0.00000000000000E+00  0.00000000000000E+00  0.00000000000000E+00
   6    0.00000000000000E+00  0.00000000000000E+00  0.00000000000000E+00  0.00000000000000E+00  0.00000000000000E+00
   7    0.00000000000000E+00  0.00000000000000E+00  0.00000000000000E+00  0.00000000000000E+00  0.00000000000000E+00
   8    0.00000000000000E+00  0.00000000000000E+00  0.00000000000000E+00  0.00000000000000E+00  0.00000000000000E+00
   9    0.00000000000000E+00  0.00000000000000E+00  0.00000000000000E+00  0.00000000000000E+00  0.00000000000000E+00
  10    0.00000000000000E+00  0.00000000000000E+00  0.00000000000000E+00  0.00000000000000E+00  0.00000000000000E+00
  11    2.53670274909444E-03  2.84450203814570E-03  3.27869417623294E-03  3.84440884186348E-03  4.41684384137505E-03
  12    1.59391342103064E-02  1.93877739142558E-02  2.48841081622859E-02  3.32326320263138E-02  4.31681596734126E-02
  13    2.90279444213114E-02  3.66701685250129E-02  4.95808341229767E-02  7.07525447198607E-02  9.81824737335508E-02
  14    6.05176013879534E-02  8.09270035953300E-02  1.18636357906339E-01  1.88526525482175E-01  2.92851606793138E-01
  15    9.87820764192344E-02  1.38291302561647E-01  2.16890286181687E-01  3.78794969864324E-01  6.53622732913536E-01
  16    1.38696464233591E-01  2.01316338815290E-01  3.33527297457235E-01  6.31008476670241E-01  1.19604081612278E+00
  17    2.01316338815290E-01  3.05487492171656E-01  5.42485101264946E-01  1.14095090099966E+00  2.46732133804781E+00
  18    3.33527297457235E-01  5.42485101264946E-01  1.07867249451949E+00  2.72836397021879E+00  7.59866984716312E+00
  19    6.31008476670241E-01  1.14095090099966E+00  2.72836397021879E+00  9.68078600765926E+00  4.72710722162832E+01
  20    1.19604081612279E+00  2.46732133804781E+00  7.59866984716313E+00  4.72710722162832E+01  9.30235152318229E+02

                     1                     2                     3                     4                     5
   1    1.30940612615515E+01  1.46439498104779E+01  1.47775297925160E+01  1.46906740014067E+01  1.44921352769987E+01
   2    1.46439498104779E+01  1.77810238151433E+01  1.83894193788605E+01  1.87184248691508E+01  1.86384364422817E+01
   3    1.47775297925160E+01  1.83894193788605E+01  1.92173494410775E+01  1.98167945519331E+01  1.98846850175989E+01
   4    1.46906740014067E+01  1.87184248691508E+01  1.98167945519331E+01  2.08285393189434E+01  2.11865446085883E+01
   5    1.44921352769987E+01  1.86384364422817E+01  1.98846850175989E+01  2.11865446085883E+01  2.18002222677759E+01
   6    1.42963329749847E+01  1.84280887271830E+01  1.97431402327433E+01  2.12264368378844E+01  2.20333351531524E+01
   7    1.40331830957858E+01  1.80438081070319E+01  1.93865156927205E+01  2.10207045122550E+01  2.20331218479442E+01
   8    1.36086755334066E+01  1.72607321486432E+01  1.85305353994001E+01  2.02192263196267E+01  2.14335571038072E+01
   9    1.29873629876195E+01  1.58425946592556E+01  1.67739721270313E+01  1.80983148728118E+01  1.92153996488156E+01
  10    1.23030061433619E+01  1.39665777078637E+01  1.42014673332044E+01  1.43624231143544E+01  1.44904820802890E+01
  11   -4.07618208016371E-01 -7.31287845257544E-01 -8.54766131687133E-01 -1.01242724241817E+00 -1.11911826077307E+00
  12   -7.31287845257544E-01 -1.58922521017215E+00 -1.97774468369976E+00 -2.52477266176798E+00 -2.92858490805962E+00
  13   -8.54766131687133E-01 -1.97774468369976E+00 -2.51616294037230E+00 -3.30192912611995E+00 -3.90160962480510E+00
  14   -1.01242724241817E+00 -2.52477266176798E+00 -3.30192912611995E+00 -4.48988608726430E+00 -5.43766210897994E+00
  15   -1.11911826077307E+00 -2.92858490805962E+00 -3.90160962480510E+00 -5.43766210897994E+00 -6.70290927263488E+00
  16   -1.19280592131723E+00 -3.22393853831736E+00 -4.35041352535422E+00 -6.16983209953208E+00 -7.70371796602176E+00
  17   -1.27287439024944E+00 -3.56060827331169E+00 -4.87229389434722E+00 -7.04569869553733E+00 -8.92737875921719E+00
  18   -1.37900052485383E+00 -4.03300628826772E+00 -5.62281321367666E+00 -8.35162523455889E+00 -1.08051782273937E+01
  19   -1.50742551693544E+00 -4.64639402211642E+00 -6.62883514627836E+00 -1.01892573098327E+01 -1.35565703989700E+01
  20   -1.62814985229782E+00 -5.26701908654306E+00 -7.68290513218421E+00 -1.22251086173799E+01 -1.67574755825831E+01

                     6                     7                     8                     9                    10
   1    1.42963329749847E+01  1.40331830957858E+01  1.36086755334066E+01  1.29873629876195E+01  1.23030061433619E+01
   2    1.84280887271830E+01  1.80438081070319E+01  1.72607321486432E+01  1.58425946592556E+01  1.39665777078637E+01
   3    1.97431402327433E+01  1.93865156927205E+01  1.85305353994001E+01  1.67739721270313E+01  1.42014673332044E+01
   4    2.12264368378844E+01  2.10207045122550E+01  2.02192263196267E+01  1.80983148728118E+01  1.43624231143544E+01
   5    2.20333351531524E+01  2.20331218479442E+01  2.14335571038072E+01  1.92153996488156E+01  1.44904820802890E+01
   6    2.24325117335333E+01  2.26339183898335E+01  2.22924031351102E+01  2.01635091223830E+01  1.46700773246120E+01
   7    2.26339183898335E+01  2.31107200018906E+01  2.31935198007980E+01  2.14190031631100E+01  1.50693633907887E+01
   8    2.22924031351102E+01  2.31935198007980E+01  2.41041658434850E+01  2.35136803731426E+01  1.63467799141726E+01
   9    2.01635091223830E+01  2.14190031631100E+01  2.35136803731426E+01  2.61767930793748E+01  2.12236225491279E+01
  10    1.46700773246120E+01  1.50693633907886E+01  1.63467799141726E+01  2.12236225491279E+01  3.65463201185811E+01
  11   -1.19280592131723E+00 -1.27287439024944E+00 -1.37900052485383E+00 -1.50742551693544E+00 -1.62814985229782E+00
  12   -3.22393853831736E+00 -3.56060827331169E+00 -4.03300628826771E+00 -4.64639402211642E+00 -5.26701908654305E+00
  13   -4.35041352535422E+00 -4.87229389434722E+00 -5.62281321367666E+00 -6.62883514627836E+00 -7.68290513218421E+00
  14   -6.16983209953207E+00 -7.04569869553733E+00 -8.35162523455888E+00 -1.01892573098327E+01 -1.22251086173799E+01
  15   -7.70371796602176E+00 -8.92737875921719E+00 -1.08051782273937E+01 -1.35565703989700E+01 -1.67574755825831E+01
  16   -8.93867075131588E+00 -1.04741090406460E+01 -1.28844181952015E+01 -1.65345359922694E+01 -2.09615601540718E+01
  17   -1.04741090406460E+01 -1.24362420211931E+01 -1.56036977635655E+01 -2.06068032395743E+01 -2.70217794173371E+01
  18   -1.28844181952015E+01 -1.56036977635655E+01 -2.01905807359038E+01 -2.79588182353144E+01 -3.89529987998254E+01
  19   -1.65345359922694E+01 -2.06068032395743E+01 -2.79588182353144E+01 -4.19618654602020E+01 -6.59186599685157E+01
  20   -2.09615601540718E+01 -2.70217794173371E+01 -3.89529987998254E+01 -6.59186599685157E+01 -1.31719172340313E+02

                    11                    12                    13                    14                    15
   1   -4.07618208016371E-01 -7.31287845257544E-01 -8.54766131687133E-01 -1.01242724241817E+00 -1.11911826077307E+00
   2   -7.31287845257544E-01 -1.58922521017215E+00 -1.97774468369976E+00 -2.52477266176798E+00 -2.92858490805962E+00
   3   -8.54766131687133E-01 -1.97774468369976E+00 -2.51616294037230E+00 -3.30192912611995E+00 -3.90160962480510E+00
   4   -1.01242724241817E+00 -2.52477266176798E+00 -3.30192912611995E+00 -4.48988608726430E+00 -5.43766210897994E+00
   5   -1.11911826077307E+00 -2.92858490805962E+00 -3.90160962480510E+00 -5.43766210897994E+00 -6.70290927263488E+00
   6   -1.19280592131723E+00 -3.22393853831736E+00 -4.35041352535422E+00 -6.16983209953207E+00 -7.70371796602176E+00
   7   -1.27287439024944E+00 -3.56060827331169E+00 -4.87229389434722E+00 -7.04569869553733E+00 -8.92737875921719E+00
   8   -1.37900052485383E+00 -4.03300628826771E+00 -5.62281321367666E+00 -8.35162523455888E+00 -1.08051782273937E+01
   9   -1.50742551693544E+00 -4.64639402211642E+00 -6.62883514627836E+00 -1.01892573098327E+01 -1.35565703989700E+01
  10   -1.62814985229782E+00 -5.26701908654305E+00 -7.68290513218421E+00 -1.22251086173799E+01 -1.67574755825831E+01
  11    3.40883763243153E-01  6.04107243812553E-01  6.68282895978667E-01  7.06893904969058E-01  7.00048060995566E-01
  12    6.04107243812553E-01  1.76956256974596E+00  2.33519099820073E+00  3.07200268753250E+00  3.51497428445085E+00
  13    6.68282895978666E-01  2.33519099820073E+00  3.29543272656232E+00  4.72951905717853E+00  5.74796028769181E+00
  14    7.06893904969059E-01  3.07200268753251E+00  4.72951905717853E+00  7.63117398061276E+00  1.00902599214270E+01
  15    7.00048060995566E-01  3.51497428445085E+00  5.74796028769182E+00  1.00902599214270E+01  1.42132206622430E+01
  16    6.77617189181998E-01  3.75551540409846E+00  6.40775678844889E+00  1.19566878970559E+01  1.76586186544655E+01
  17    6.35327228708735E-01  3.91758127215105E+00  7.00536554186392E+00  1.40081370038607E+01  2.18645024626176E+01
  18    5.48101800194896E-01  3.89106376107780E+00  7.41159646179279E+00  1.63161470485464E+01  2.75907051715618E+01
  19    3.90594327093833E-01  3.28921687260737E+00  6.75659524576899E+00  1.67624039012341E+01  3.15187984571958E+01
  20    1.85660149306760E-01  1.84279691585851E+00  3.98075375071920E+00  1.06675856072540E+01  2.16971021649701E+01

                    16                    17                    18                    19                    20
   1   -1.19280592131723E+00 -1.27287439024944E+00 -1.37900052485383E+00 -1.50742551693544E+00 -1.62814985229782E+00
   2   -3.22393853831736E+00 -3.56060827331169E+00 -4.03300628826772E+00 -4.64639402211642E+00 -5.26701908654306E+00
   3   -4.35041352535422E+00 -4.87229389434722E+00 -5.62281321367666E+00 -6.62883514627836E+00 -7.68290513218421E+00
   4   -6.16983209953208E+00 -7.04569869553733E+00 -8.35162523455889E+00 -1.01892573098327E+01 -1.22251086173799E+01
   5   -7.70371796602176E+00 -8.92737875921719E+00 -1.08051782273937E+01 -1.35565703989700E+01 -1.67574755825831E+01
   6   -8.93867075131588E+00 -1.04741090406460E+01 -1.28844181952015E+01 -1.65345359922694E+01 -2.09615601540718E+01
   7   -1.04741090406460E+01 -1.24362420211931E+01 -1.56036977635655E+01 -2.06068032395743E+01 -2.70217794173371E+01
   8   -1.28844181952015E+01 -1.56036977635655E+01 -2.01905807359038E+01 -2.79588182353144E+01 -3.89529987998254E+01
   9   -1.65345359922694E+01 -2.06068032395743E+01 -2.79588182353144E+01 -4.19618654602020E+01 -6.59186599685157E+01
  10   -2.09615601540718E+01 -2.70217794173371E+01 -3.89529987998254E+01 -6.59186599685157E+01 -1.31719172340313E+02
  11    6.77617189181997E-01  6.35327228708736E-01  5.48101800194894E-01  3.90594327093830E-01  1.85660149306761E-01
  12    3.75551540409846E+00  3.91758127215105E+00  3.89106376107780E+00  3.28921687260736E+00  1.84279691585851E+00
  13    6.40775678844889E+00  7.00536554186391E+00  7.41159646179278E+00  6.75659524576897E+00  3.98075375071918E+00
  14    1.19566878970559E+01  1.40081370038607E+01  1.63161470485464E+01  1.67624039012341E+01  1.06675856072540E+01
  15    1.76586186544655E+01  2.18645024626175E+01  2.75907051715618E+01  3.15187984571957E+01  2.16971021649701E+01
  16    2.27509950854470E+01  2.94227959242373E+01  3.96334095456455E+01  4.96172359137023E+01  3.69426378364099E+01
  17    2.94227959242373E+01  4.01394556623184E+01  5.87490490622849E+01  8.32038424768549E+01  6.99842224245640E+01
  18    3.96334095456455E+01  5.87490490622849E+01  9.84814943699687E+01  1.73690849916308E+02  1.89941429910751E+02
  19    4.96172359137023E+01  8.32038424768549E+01  1.73690849916308E+02  4.61145848280385E+02  9.67613980740365E+02
  20    3.69426378364100E+01  6.99842224245641E+01  1.89941429910752E+02  9.67613980740366E+02  1.13694150187844E+04
                    20                    20   13.0940612615515     
   14.6439498104779        14.7775297925160        14.6906740014067     
   14.4921352769987        14.2963329749847        14.0331830957858     
   13.6086755334066        12.9873629876195        12.3030061433619     
 -0.407618208016371      -0.731287845257544      -0.854766131687133     
  -1.01242724241817       -1.11911826077307       -1.19280592131723     
  -1.27287439024944       -1.37900052485383       -1.50742551693544     
  -1.62814985229782        14.6439498104779        17.7810238151433     
   18.3894193788605        18.7184248691508        18.6384364422817     
   18.4280887271830        18.0438081070319        17.2607321486432     
   15.8425946592556        13.9665777078637      -0.731287845257544     
  -1.58922521017215       -1.97774468369976       -2.52477266176798     
  -2.92858490805962       -3.22393853831736       -3.56060827331169     
  -4.03300628826772       -4.64639402211642       -5.26701908654306     
   14.7775297925160        18.3894193788605        19.2173494410775     
   19.8167945519331        19.8846850175989        19.7431402327433     
   19.3865156927205        18.5305353994001        16.7739721270313     
   14.2014673332044      -0.854766131687133       -1.97774468369976     
  -2.51616294037230       -3.30192912611995       -3.90160962480510     
  -4.35041352535422       -4.87229389434722       -5.62281321367666     
  -6.62883514627836       -7.68290513218421        14.6906740014067     
   18.7184248691508        19.8167945519331        20.8285393189434     
   21.1865446085883        21.2264368378844        21.0207045122550     
   20.2192263196267        18.0983148728118        14.3624231143544     
  -1.01242724241817       -2.52477266176798       -3.30192912611995     
  -4.48988608726430       -5.43766210897994       -6.16983209953208     
  -7.04569869553733       -8.35162523455889       -10.1892573098327     
  -12.2251086173799        14.4921352769987        18.6384364422817     
   19.8846850175989        21.1865446085883        21.8002222677759     
   22.0333351531524        22.0331218479442        21.4335571038072     
   19.2153996488156        14.4904820802890       -1.11911826077307     
  -2.92858490805962       -3.90160962480510       -5.43766210897994     
  -6.70290927263488       -7.70371796602176       -8.92737875921719     
  -10.8051782273937       -13.5565703989700       -16.7574755825831     
   14.2963329749847        18.4280887271830        19.7431402327433     
   21.2264368378844        22.0333351531524        22.4325117335333     
   22.6339183898335        22.2924031351102        20.1635091223830     
   14.6700773246120       -1.19280592131723       -3.22393853831736     
  -4.35041352535422       -6.16983209953207       -7.70371796602176     
  -8.93867075131588       -10.4741090406460       -12.8844181952015     
  -16.5345359922694       -20.9615601540718        14.0331830957858     
   18.0438081070319        19.3865156927205        21.0207045122550     
   22.0331218479442        22.6339183898335        23.1107200018906     
   23.1935198007980        21.4190031631100        15.0693633907886     
  -1.27287439024944       -3.56060827331169       -4.87229389434722     
  -7.04569869553733       -8.92737875921719       -10.4741090406460     
  -12.4362420211931       -15.6036977635655       -20.6068032395743     
  -27.0217794173371        13.6086755334066        17.2607321486432     
   18.5305353994001        20.2192263196267        21.4335571038072     
   22.2924031351102        23.1935198007980        24.1041658434850     
   23.5136803731426        16.3467799141726       -1.37900052485383     
  -4.03300628826771       -5.62281321367666       -8.35162523455888     
  -10.8051782273937       -12.8844181952015       -15.6036977635655     
  -20.1905807359038       -27.9588182353144       -38.9529987998254     
   12.9873629876195        15.8425946592556        16.7739721270313     
   18.0983148728118        19.2153996488156        20.1635091223830     
   21.4190031631100        23.5136803731426        26.1767930793748     
   21.2236225491279       -1.50742551693544       -4.64639402211642     
  -6.62883514627836       -10.1892573098327       -13.5565703989700     
  -16.5345359922694       -20.6068032395743       -27.9588182353144     
  -41.9618654602020       -65.9186599685157        12.3030061433619     
   13.9665777078637        14.2014673332044        14.3624231143544     
   14.4904820802890        14.6700773246120        15.0693633907887     
   16.3467799141726        21.2236225491279        36.5463201185811     
  -1.62814985229782       -5.26701908654305       -7.68290513218421     
  -12.2251086173799       -16.7574755825831       -20.9615601540718     
  -27.0217794173371       -38.9529987998254       -65.9186599685157     
  -131.719172340313      -0.407618208016371      -0.731287845257544     
 -0.854766131687133       -1.01242724241817       -1.11911826077307     
  -1.19280592131723       -1.27287439024944       -1.37900052485383     
  -1.50742551693544       -1.62814985229782       0.340883763243153     
  0.604107243812553       0.668282895978666       0.706893904969059     
  0.700048060995566       0.677617189181998       0.635327228708735     
  0.548101800194896       0.390594327093833       0.185660149306760     
 -0.731287845257544       -1.58922521017215       -1.97774468369976     
  -2.52477266176798       -2.92858490805962       -3.22393853831736     
  -3.56060827331169       -4.03300628826771       -4.64639402211642     
  -5.26701908654305       0.604107243812553        1.76956256974596     
   2.33519099820073        3.07200268753251        3.51497428445085     
   3.75551540409846        3.91758127215105        3.89106376107780     
   3.28921687260737        1.84279691585851      -0.854766131687133     
  -1.97774468369976       -2.51616294037230       -3.30192912611995     
  -3.90160962480510       -4.35041352535422       -4.87229389434722     
  -5.62281321367666       -6.62883514627836       -7.68290513218421     
  0.668282895978667        2.33519099820073        3.29543272656232     
   4.72951905717853        5.74796028769182        6.40775678844889     
   7.00536554186392        7.41159646179279        6.75659524576899     
   3.98075375071920       -1.01242724241817       -2.52477266176798     
  -3.30192912611995       -4.48988608726430       -5.43766210897994     
  -6.16983209953207       -7.04569869553733       -8.35162523455888     
  -10.1892573098327       -12.2251086173799       0.706893904969058     
   3.07200268753250        4.72951905717853        7.63117398061276     
   10.0902599214270        11.9566878970559        14.0081370038607     
   16.3161470485464        16.7624039012341        10.6675856072540     
  -1.11911826077307       -2.92858490805962       -3.90160962480510     
  -5.43766210897994       -6.70290927263488       -7.70371796602176     
  -8.92737875921719       -10.8051782273937       -13.5565703989700     
